7.5
4.41015625
3.861328125
4.24609375
4.796875
3.66796875
4.08984375
5.1484375
8.375
5.71484375
4.8359375
10.40625
9.15625
4.8203125
7.21875
8.8046875
5.4453125
3.87890625
10.5078125
6.65625
13.234375
4.76953125
7.484375
2.82421875
3.96484375
5.2890625
7.15625
9.9609375
6.75
6.0390625
6.0703125
7.32421875
7.359375
5.6796875
4.03515625
6.046875
3.80859375
9.8828125
5.2109375
7.86328125
6.1640625
6.1015625
2.51171875
4.9296875
4.453125
10.625
5.078125
4.8671875
6.39453125
6.796875
5.1171875
9.25
6.8125
4.7734375
6.6484375
5.64453125
6.96484375
5.2890625
15.96875
4.2890625
10.53125
10.75
9.2890625
5.9296875
4.125
18.5625
2.609375
9.203125
6.7734375
6.734375
6.88671875
2.7578125
5.08984375
5.2109375
9.265625
2.69921875
6.140625
7.71875
4.91015625
6.1640625
8.65625
5.56640625
4.09375
6.5859375
8.453125
8.078125
7.5546875
4.62109375
7.75
4.6484375
4.9140625
5.625
6.0
9.9609375
5.19921875
8.375
4.15625
8.2890625
6.21875
4.5
6.7421875
5.15625
4.046875
4.0546875
7.13671875
3.67578125
4.51171875
7.01171875
4.34375
7.7109375
5.015625
7.9609375
8.3125
6.98046875
5.6015625
4.921875
12.0625
3.27734375
6.33203125
6.4609375
3.37890625
15.40625
6.15625
7.32421875
6.953125
7.2578125
11.921875
6.3515625
4.09375
8.875
5.6875
8.6875
4.9140625
6.31640625
9.6015625
6.12890625
3.4921875
6.3515625
5.53125
7.0078125
3.921875
5.515625
9.2890625
2.595703125
6.2109375
10.78125
5.06640625
7.28515625
5.25
2.99609375
9.5234375
6.0
3.78515625
2.8203125
5.625
8.1953125
5.16015625
6.25
6.55859375
5.56640625
3.78515625
6.19921875
7.578125
5.53125
6.0390625
5.1953125
3.3828125
7.8671875
7.4609375
3.03515625
7.265625
6.46875
4.06640625
5.51171875
2.95703125
5.3359375
7.96875
4.390625
4.76953125
3.306640625
7.421875
3.7734375
4.828125
7.4765625
5.69921875
6.0078125
3.5078125
3.390625
7.6640625
6.84375
7.390625
4.52734375
4.9609375
4.90625
7.9375
3.06640625
6.3515625
7.84765625
5.43359375
5.6171875
7.3203125
4.8515625
5.0234375
4.6015625
6.90234375
3.54296875
9.78125
7.0390625
8.9375
4.5
3.9453125
3.15234375
5.2734375
14.625
4.48828125
3.55859375
6.23828125
4.1953125
6.3984375
4.1796875
3.7734375
7.8203125
4.4609375
7.09375
3.6640625
6.7265625
6.296875
4.3046875
4.703125
6.0
3.994140625
9.5625
5.5
10.28125
7.5
5.796875
6.5078125
6.53125
3.9375
4.34375
8.28125
2.994140625
3.39453125
3.828125
10.4453125
3.630859375
4.875
3.2578125
3.78515625
7.125
3.7421875
7.46875
5.828125
8.1875
4.43359375
5.82421875
4.578125
5.625
8.0234375
5.34765625
3.921875
6.3828125
9.6171875
5.5703125
6.0
7.1640625
5.69921875
4.546875
8.4296875
4.6796875
5.40625
9.2109375
4.26953125
12.265625
5.0546875
3.96875
6.11328125
4.78125
4.6796875
5.51953125
7.9453125
6.4765625
5.2890625
3.6640625
6.90625
8.0546875
3.3359375
4.96484375
5.4375
5.0859375
8.765625
3.775390625
5.453125
1.994140625
4.4921875
5.390625
5.7890625
6.31640625
4.76953125
5.4296875
4.6875
5.42578125
3.51171875
3.4609375
3.73046875
5.9296875
4.8359375
4.9375
4.3671875
4.28125
11.75
5.0546875
5.125
7.1328125
5.15625
7.4765625
7.5546875
7.3828125
11.328125
5.1015625
3.33203125
4.375
5.3359375
6.8203125
3.83203125
3.6875
5.6328125
7.4140625
5.2890625
3.810546875
4.7578125
6.11328125
6.6171875
5.30078125
4.91015625
4.734375
4.40625
5.1328125
2.671875
3.60546875
5.8671875
4.5859375
4.515625
5.3125
3.73046875
4.4140625
6.28125
4.15625
6.55078125
14.765625
4.1875
5.08984375
6.484375
6.0703125
20.21875
4.7890625
3.15625
10.796875
5.765625
2.931640625
5.078125
4.3515625
6.6171875
9.2578125
4.8046875
5.16796875
5.171875
5.2890625
3.796875
3.01953125
6.53125
5.94140625
7.96484375
3.369140625
7.0234375
7.95703125
6.5390625
8.203125
6.8671875
7.1953125
3.4296875
12.0078125
4.2421875
4.265625
7.69921875
9.28125
6.91796875
11.34375
6.3046875
5.84375
4.59375
10.046875
6.25
3.16015625
4.3828125
4.109375
4.2265625
6.53125
5.73828125
4.984375
6.73828125
5.984375
5.8828125
5.6015625
6.3828125
13.109375
3.50390625
4.85546875
6.34375
5.8359375
6.1484375
4.953125
6.828125
2.650390625
2.7734375
2.83203125
4.265625
6.703125
5.3828125
3.9453125
10.71875
4.3515625
8.3203125
5.796875
4.78125
6.3984375
5.9453125
5.64453125
5.3984375
2.4375
3.9140625
3.65625
4.6328125
4.0625
4.9609375
7.30078125
6.5078125
7.5859375
3.177734375
5.015625
6.3671875
4.171875
2.388671875
6.75390625
4.8125
5.9453125
9.109375
3.62109375
4.6640625
4.703125
5.328125
8.859375
3.107421875
6.37109375
5.6015625
7.15625
10.1171875
6.7578125
4.3203125
2.314453125
5.2734375
5.375
3.72265625
5.0546875
5.2265625
3.796875
4.3359375
2.31640625
6.0546875
7.4140625
6.3671875
5.40625
2.35546875
5.609375
10.3359375
6.62890625
5.8203125
10.578125
3.509765625
4.9609375
5.7421875
4.28125
5.75
4.5234375
9.0
7.19921875
2.62890625
4.9765625
3.529296875
5.18359375
6.4765625
2.87109375
3.875
2.51953125
4.03125
4.9453125
7.5
6.4453125
4.625
3.232421875
4.19140625
5.0625
7.32421875
4.0859375
4.62890625
6.2265625
4.30859375
6.76953125
5.6171875
5.7734375
13.359375
8.3828125
3.453125
3.53515625
10.1640625
5.7109375
4.3203125
3.0234375
3.4375
5.4765625
3.65625
6.7890625
1.771484375
7.40625
6.86328125
8.734375
11.015625
8.3984375
4.390625
4.8125
6.625
6.1953125
4.8046875
7.640625
3.7265625
10.9140625
9.46875
5.140625
7.3984375
5.046875
7.5390625
6.3046875
2.6953125
4.140625
6.3046875
3.875
4.828125
3.70703125
4.4609375
5.5546875
7.984375
5.12890625
4.765625
9.5703125
2.83203125
11.828125
6.1953125
4.8046875
6.015625
13.296875
4.72265625
5.76171875
8.953125
5.734375
10.609375
5.55078125
5.98046875
4.421875
9.3125
3.02734375
3.24609375
9.703125
5.0625
12.984375
7.65234375
6.01953125
5.8671875
6.2421875
3.201171875
3.787109375
6.1171875
4.109375
6.51953125
6.34765625
5.67578125
6.18359375
8.2890625
7.3828125
2.490234375
14.8046875
4.40625
5.765625
2.677734375
6.00390625
9.71875
4.33203125
5.8203125
4.9375
6.84375
3.32421875
4.3046875
5.69140625
8.703125
6.5234375
3.1171875
5.6640625
3.8984375
5.34375
7.1328125
13.703125
7.640625
6.9375
5.76953125
6.546875
5.8984375
5.7578125
5.19140625
6.109375
6.0
4.8984375
4.8359375
6.2421875
7.453125
3.212890625
6.8046875
7.6953125
7.453125
6.9921875
5.5234375
3.91015625
5.1484375
6.8828125
5.3671875
4.515625
8.9375
3.984375
4.9453125
5.359375
3.25
6.7109375
4.41796875
9.1640625
7.6015625
7.6328125
3.36328125
6.0390625
8.0
7.5546875
10.109375
9.0625
9.6328125
6.9140625
9.7421875
5.2265625
4.83984375
3.72265625
9.609375
5.09765625
4.828125
6.82421875
6.0234375
5.61328125
7.1484375
6.59765625
12.015625
7.25
6.8828125
10.7265625
6.140625
6.04296875
4.5703125
6.2265625
9.15625
3.27734375
6.3125
6.14453125
8.5625
5.890625
5.16015625
3.765625
4.078125
11.65625
5.0546875
6.6953125
9.375
3.708984375
1.81640625
3.71875
6.1328125
7.3046875
5.7734375
4.26953125
5.33203125
4.3125
14.03125
6.484375
5.390625
13.515625
8.703125
10.953125
4.4296875
7.65234375
6.0703125
5.546875
4.765625
4.609375
3.08203125
6.3515625
4.65234375
4.359375
10.1875
16.8125
4.4609375
9.375
5.75
4.640625
11.15625
7.58203125
6.0234375
4.375
7.703125
5.9140625
7.7890625
5.48828125
5.9453125
3.251953125
3.71484375
4.765625
3.6796875
6.47265625
3.8046875
3.48828125
6.09375
9.625
6.2578125
1.6796875
8.578125
5.5234375
5.46875
4.734375
4.51953125
5.20703125
5.01953125
4.7734375
6.4609375
4.7578125
9.484375
5.21484375
5.17578125
6.21875
3.8671875
3.54296875
7.43359375
8.59375
6.82421875
4.4375
3.75
7.53125
8.234375
4.671875
4.390625
8.5546875
4.5078125
3.927734375
6.7734375
15.09375
5.53125
7.96484375
5.28125
6.671875
4.3125
8.171875
7.0
4.5234375
3.947265625
6.1171875
4.171875
3.35546875
10.125
6.28125
8.859375
4.6015625
3.37109375
8.8671875
12.34375
4.15625
5.625
5.08203125
7.1796875
2.9765625
6.1640625
3.19140625
6.171875
5.3984375
3.625
5.3671875
4.6875
5.09375
5.421875
5.109375
4.2890625
7.6171875
4.4921875
11.234375
9.4296875
3.64453125
6.125
6.09375
3.345703125
4.6484375
3.455078125
5.5078125
6.84375
8.546875
11.90625
4.2734375
6.453125
9.2265625
9.7421875
6.11328125
5.140625
8.640625
5.6171875
5.625
2.623046875
6.953125
13.59375
7.3828125
9.6171875
9.03125
8.59375
5.4453125
5.7578125
12.34375
9.625
7.53515625
3.29296875
7.6015625
9.296875
8.5703125
3.41796875
8.9375
5.1328125
13.078125
4.55078125
6.6875
3.953125
7.953125
8.234375
4.09375
13.328125
9.046875
4.68359375
5.5625
4.125
6.5
7.65625
4.3984375
9.515625
8.8515625
4.1484375
4.5703125
6.3984375
6.59375
5.16796875
5.33203125
9.265625
2.56640625
6.6640625
6.2265625
9.453125
6.38671875
6.0859375
5.578125
5.6875
5.4140625
7.3515625
5.140625
4.46484375
3.78515625
5.9375
5.9140625
5.81640625
5.2734375
4.2265625
5.2109375
4.765625
10.828125
3.162109375
8.0078125
3.64453125
6.50390625
9.109375
4.34375
8.625
7.28125
5.359375
9.484375
4.375
8.3984375
4.546875
6.734375
9.875
5.484375
6.47265625
6.5703125
15.671875
3.94921875
8.84375
5.20703125
3.46875
6.55859375
9.859375
8.40625
4.4375
4.9921875
4.2421875
5.61328125
6.79296875
6.65625
4.80859375
13.453125
6.90625
4.8359375
5.0625
15.953125
3.7421875
4.59375
7.7109375
6.39453125
7.9765625
8.9765625
3.41015625
7.19921875
9.2578125
6.85546875
4.73828125
5.375
5.484375
3.13671875
3.208984375
3.32421875
7.57421875
5.40625
2.9296875
8.484375
4.9296875
5.35546875
7.62109375
9.78125
5.1015625
4.3671875
3.92578125
4.9296875
6.6796875
2.6015625
8.4375
5.984375
4.29296875
8.7734375
10.34375
5.7890625
6.49609375
5.76171875
5.2890625
6.390625
6.25390625
8.7578125
5.703125
3.2578125
4.765625
4.7578125
