332
277
277
200
200
246
246
436
436
525
525
116
116
215
215
376
376
97
97
221
221
333
333
932
932
213
213
328
328
113
113
307
307
161
161
214
214
233
233
237
237
126
126
168
168
91
91
101
101
407
407
114
114
319
319
417
417
114
114
223
223
445
445
122
122
776
776
273
273
92
92
622
622
507
507
492
492
393
393
488
488
404
404
218
218
301
301
456
456
262
262
449
449
119
119
84
84
550
550
298
298
117
117
308
308
165
165
352
352
616
616
223
223
386
386
531
531
256
256
438
438
236
236
131
131
67
67
498
498
208
208
143
143
293
293
289
289
344
344
314
314
47
47
102
102
124
124
290
290
237
237
598
598
397
397
234
234
334
334
383
383
397
397
181
181
221
221
309
309
284
284
85
85
615
615
142
142
346
346
222
222
190
190
288
288
218
218
607
607
254
254
204
204
272
272
601
601
162
162
168
168
99
99
122
122
253
253
259
259
452
452
132
132
181
181
106
106
570
570
501
501
106
106
485
485
132
132
162
162
173
173
85
85
277
277
161
161
94
94
444
444
268
268
201
201
392
392
180
180
138
138
259
259
128
128
78
78
92
92
285
285
196
196
124
124
183
183
151
151
104
104
171
171
127
127
254
254
377
377
92
92
490
490
121
121
515
515
124
124
536
536
222
222
218
218
228
228
363
363
140
140
245
245
431
431
136
136
91
91
161
161
619
619
146
146
270
270
199
199
382
382
97
97
82
82
226
226
164
164
422
422
207
207
45
45
325
325
184
184
171
171
418
418
299
299
930
930
365
365
313
313
251
251
203
203
419
419
336
336
166
166
389
389
283
283
173
173
207
207
264
264
157
157
331
331
513
513
324
324
351
351
200
200
277
277
216
216
681
681
304
304
111
111
112
112
190
190
252
252
302
302
482
482
323
323
224
224
362
362
320
320
234
234
301
301
195
195
107
107
330
330
396
396
353
353
349
349
435
435
134
134
231
231
417
417
443
443
325
325
316
316
402
402
165
165
62
62
493
493
457
457
433
433
307
307
169
169
414
414
193
193
145
145
283
283
166
166
143
143
256
256
108
108
181
181
258
258
323
323
122
122
181
181
197
197
412
412
209
209
57
57
108
108
63
63
87
87
327
327
457
457
371
371
331
331
252
252
339
339
302
302
209
209
197
197
198
198
246
246
204
204
105
105
244
244
274
274
634
634
474
474
143
143
139
139
253
253
180
180
430
430
140
140
203
203
374
374
171
171
72
72
154
154
125
125
510
510
480
480
502
502
177
177
139
139
119
119
322
322
133
133
106
106
292
292
89
89
189
189
472
472
464
464
208
208
418
418
219
219
726
726
185
185
166
166
188
188
225
225
304
304
285
285
236
236
500
500
373
373
291
291
175
175
179
179
408
408
304
304
174
174
70
70
226
226
297
297
392
392
262
262
422
422
480
480
555
555
249
249
242
242
687
687
632
632
342
342
309
309
242
242
248
248
254
254
200
200
139
139
375
375
270
270
70
70
212
212
227
227
113
113
385
385
326
326
572
572
200
200
355
355
142
142
198
198
349
349
234
234
352
352
160
160
275
275
71
71
681
681
140
140
230
230
513
513
493
493
235
235
366
366
111
111
320
320
194
194
362
362
147
147
151
151
351
351
358
358
243
243
116
116
143
143
174
174
250
250
191
191
456
456
99
99
289
289
102
102
452
452
63
63
92
92
625
625
217
217
115
115
218
218
251
251
223
223
411
411
202
202
175
175
136
136
176
176
297
297
123
123
294
294
299
299
119
119
329
329
268
268
71
71
342
342
307
307
156
156
312
312
341
341
280
280
402
402
419
419
264
264
131
131
454
454
203
203
399
399
333
333
306
306
102
102
183
183
595
595
193
193
474
474
217
217
105
105
256
256
180
180
240
240
274
274
220
220
101
101
263
263
179
179
65
65
153
153
153
153
261
261
68
68
225
225
145
145
66
66
99
99
192
192
61
61
93
93
52
52
349
349
255
255
278
278
250
250
158
158
192
192
123
123
296
296
240
240
299
299
403
403
300
300
164
164
547
547
172
172
251
251
175
175
529
529
316
316
252
252
302
302
383
383
194
194
495
495
460
460
97
97
204
204
347
347
123
123
96
96
185
185
431
431
84
84
302
302
105
105
502
502
73
73
549
549
114
114
222
222
234
234
77
77
251
251
79
79
106
106
436
436
222
222
221
221
258
258
145
145
217
217
220
220
66
66
337
337
127
127
187
187
140
140
218
218
327
327
150
150
205
205
220
220
373
373
116
116
249
249
85
85
268
268
248
248
214
214
216
216
352
352
441
441
310
310
216
216
358
358
59
59
93
93
97
97
301
301
130
130
82
82
312
312
281
281
129
129
113
113
134
134
370
370
327
327
135
135
425
425
122
122
171
171
452
452
189
189
193
193
319
319
100
100
371
371
246
246
689
689
350
350
281
281
176
176
496
496
256
256
134
134
141
141
135
135
184
184
168
168
198
198
295
295
435
435
122
122
262
262
162
162
101
101
198
198
203
203
159
159
306
306
145
145
154
154
46
46
134
134
47
47
376
376
159
159
154
154
286
286
140
140
419
419
356
356
120
120
45
45
113
113
199
199
153
153
166
166
201
201
62
62
131
131
161
161
74
74
154
154
210
210
144
144
110
110
342
342
136
136
138
138
273
273
102
102
389
389
243
243
209
209
66
66
140
140
227
227
218
218
158
158
69
69
117
117
115
115
274
274
59
59
182
182
366
366
261
261
213
213
147
147
230
230
227
227
163
163
151
151
345
345
290
290
113
113
288
288
343
343
193
193
237
237
225
225
497
497
320
320
147
147
289
289
235
235
94
94
114
114
224
224
190
190
400
400
75
75
126
126
256
256
645
645
384
384
184
184
329
329
351
351
90
90
406
406
304
304
220
220
411
411
213
213
276
276
236
236
404
404
201
201
403
403
663
663
578
578
414
414
347
347
172
172
85
85
290
290
563
563
193
193
189
189
102
102
405
405
201
201
359
359
103
103
362
362
156
156
100
100
296
296
179
179
56
56
749
749
418
418
165
165
417
417
248
248
529
529
234
234
191
191
256
256
142
142
227
227
189
189
369
369
329
329
545
545
225
225
195
195
465
465
143
143
148
148
360
360
231
231
88
88
95
95
305
305
191
191
442
442
109
109
210
210
397
397
416
416
270
270
127
127
310
310
381
381
280
280
84
84
387
387
404
404
144
144
323
323
862
862
235
235
294
294
127
127
307
307
148
148
55
55
352
352
103
103
205
205
253
253
206
206
315
315
198
198
411
411
165
165
319
319
289
289
356
356
439
439
258
258
168
168
285
285
223
223
216
216
228
228
58
58
70
70
475
475
213
213
199
199
128
128
167
167
232
232
364
364
62
62
197
197
114
114
433
433
190
190
591
591
204
204
115
115
663
663
70
70
245
245
207
207
393
393
59
59
261
261
193
193
462
462
76
76
64
64
114
114
307
307
128
128
329
329
355
355
222
222
112
112
140
140
107
107
61
61
132
132
84
84
42
42
95
95
182
182
188
188
461
461
316
316
194
194
423
423
310
310
116
116
43
43
93
93
99
99
132
132
49
49
138
138
100
100
60
60
283
283
78
78
235
235
145
145
282
282
62
62
266
266
271
271
352
352
380
380
391
391
297
297
356
356
151
151
418
418
322
322
100
100
207
207
117
117
90
90
104
104
356
356
422
422
159
159
248
248
414
414
117
117
243
243
219
219
135
135
144
144
228
228
172
172
290
290
261
261
289
289
133
133
145
145
104
104
296
296
501
501
139
139
157
157
410
410
151
151
119
119
82
82
596
596
560
560
270
270
180
180
129
129
184
184
294
294
99
99
95
95
182
182
178
178
178
178
707
707
551
551
226
226
215
215
413
413
494
494
362
362
381
381
533
533
627
627
252
252
359
359
200
200
206
206
226
226
265
265
331
331
162
162
306
306
337
337
248
248
292
292
228
228
225
225
295
295
817
817
408
408
214
214
139
139
107
107
505
505
236
236
289
289
127
127
138
138
194
194
89
89
160
160
140
140
96
96
135
135
155
155
468
468
332
332
184
184
427
427
212
212
209
209
357
357
135
135
214
214
317
317
90
90
183
183
275
275
384
384
65
65
349
349
557
557
544
544
149
149
201
201
143
143
198
198
290
290
548
548
240
240
410
410
285
285
426
426
117
117
189
189
255
255
192
192
323
323
141
141
398
398
368
368
233
233
363
363
211
211
122
122
328
328
178
178
71
71
101
101
257
257
82
82
210
210
253
253
123
123
341
341
311
311
84
84
136
136
363
363
503
503
233
233
267
267
103
103
455
455
109
109
427
427
727
727
149
149
169
169
249
249
185
185
328
328
521
521
213
213
108
108
123
123
93
93
289
289
552
552
217
217
133
133
318
318
174
174
195
195
293
293
215
215
110
110
134
134
311
311
288
288
178
178
208
208
364
364
359
359
480
480
233
233
296
296
109
109
209
209
307
307
128
128
87
87
315
315
211
211
261
261
388
388
274
274
155
155
356
356
587
587
284
284
300
300
271
271
444
444
196
196
383
383
295
295
543
543
94
94
349
349
137
137
271
271
320
320
238
238
213
213
181
181
334
334
257
257
224
224
309
309
195
195
289
289
311
311
182
182
311
311
373
373
139
139
265
265
129
129
127
127
197
197
97
97
101
101
273
273
258
258
259
259
235
235
224
224
262
262
245
245
59
59
161
161
305
305
330
330
240
240
70
70
254
254
289
289
305
305
261
261
55
55
46
46
161
161
344
344
156
156
189
189
148
148
81
81
159
159
294
294
380
380
397
397
126
126
151
151
285
285
313
313
571
571
162
162
178
178
173
173
466
466
67
67
457
457
216
216
282
282
92
92
201
201
93
93
180
180
181
181
412
412
76
76
150
150
54
54
469
469
265
265
217
217
379
379
73
73
292
292
170
170
175
175
210
210
199
199
166
166
165
165
130
130
242
242
466
466
80
80
543
543
479
479
342
342
140
140
263
263
111
111
444
444
453
453
225
225
137
137
234
234
214
214
187
187
152
152
205
205
149
149
256
256
182
182
66
66
112
112
188
188
277
277
534
534
333
333
325
325
575
575
138
138
293
293
440
440
251
251
377
377
117
117
197
197
75
75
592
592
146
146
78
78
175
175
68
68
142
142
107
107
88
88
84
84
405
405
198
198
187
187
259
259
214
214
188
188
241
241
369
369
87
87
100
100
187
187
304
304
185
185
390
390
101
101
276
276
337
337
338
338
338
338
436
436
127
127
133
133
247
247
231
231
144
144
411
411
306
306
296
296
398
398
321
321
226
226
280
280
187
187
127
127
76
76
208
208
188
188
78
78
126
126
396
396
225
225
173
173
305
305
88
88
252
252
150
150
183
183
257
257
140
140
240
240
132
132
119
119
584
584
365
365
487
487
490
490
139
139
314
314
240
240
516
516
115
115
182
182
170
170
99
99
239
239
279
279
326
326
110
110
391
391
232
232
264
264
106
106
176
176
206
206
184
184
53
53
268
268
45
45
204
204
134
134
209
209
179
179
158
158
394
394
300
300
252
252
331
331
254
254
81
81
261
261
209
209
297
297
99
99
187
187
401
401
313
313
194
194
281
281
335
335
210
210
241
241
197
197
229
229
158
158
202
202
118
118
220
220
86
86
305
305
258
258
302
302
285
285
277
277
138
138
232
232
214
214
183
183
375
375
479
479
230
230
272
272
105
105
150
150
185
185
185
185
267
267
107
107
130
130
126
126
294
294
202
202
212
212
182
182
299
299
359
359
236
236
239
239
329
329
230
230
269
269
58
58
256
256
228
228
209
209
123
123
100
100
322
322
111
111
212
212
119
119
102
102
161
161
163
163
354
354
285
285
488
488
197
197
292
292
60
60
378
378
331
331
86
86
194
194
70
70
408
408
460
460
181
181
237
237
261
261
259
259
160
160
241
241
201
201
497
497
152
152
271
271
191
191
182
182
187
187
480
480
345
345
696
696
212
212
331
331
129
129
621
621
130
130
671
671
234
234
72
72
439
439
284
284
139
139
94
94
99
99
121
121
513
513
561
561
669
669
430
430
451
451
153
153
73
73
252
252
288
288
302
302
219
219
233
233
100
100
238
238
81
81
537
537
227
227
371
371
455
455
302
302
133
133
290
290
312
312
137
137
117
117
231
231
224
224
235
235
296
296
119
119
341
341
241
241
173
173
141
141
116
116
133
133
181
181
84
84
711
711
346
346
117
117
320
320
157
157
134
134
250
250
199
199
309
309
178
178
333
333
137
137
157
157
376
376
356
356
433
433
107
107
279
279
108
108
370
370
250
250
119
119
114
114
240
240
218
218
199
199
386
386
249
249
105
105
250
250
131
131
747
747
324
324
621
621
802
802
280
280
333
333
152
152
155
155
160
160
106
106
306
306
221
221
198
198
201
201
75
75
392
392
342
342
196
196
372
372
451
451
247
247
127
127
528
528
297
297
355
355
338
338
495
495
82
82
412
412
121
121
149
149
491
491
152
152
317
317
126
126
251
251
62
62
280
280
103
103
174
174
314
314
308
308
337
337
265
265
88
88
313
313
186
186
139
139
461
461
188
188
305
305
167
167
183
183
316
316
129
129
190
190
92
92
204
204
369
369
155
155
425
425
213
213
219
219
168
168
165
165
311
311
114
114
316
316
75
75
234
234
294
294
640
640
64
64
78
78
69
69
434
434
84
84
172
172
664
664
130
130
274
274
233
233
87
87
278
278
287
287
299
299
292
292
268
268
143
143
320
320
612
612
590
590
378
378
203
203
81
81
490
490
377
377
194
194
243
243
158
158
369
369
76
76
517
517
283
283
314
314
618
618
290
290
482
482
206
206
539
539
239
239
608
608
196
196
330
330
175
175
101
101
328
328
618
618
452
452
283
283
293
293
187
187
71
71
301
301
274
274
247
247
150
150
417
417
567
567
120
120
295
295
290
290
956
956
267
267
187
187
341
341
275
275
170
170
203
203
341
341
126
126
125
125
302
302
77
77
56
56
218
218
172
172
152
152
320
320
488
488
408
408
186
186
233
233
237
237
97
97
328
328
413
413
242
242
380
380
315
315
283
283
301
301
445
445
348
348
348
348
271
271
166
166
351
351
190
190
304
304
189
189
159
159
134
134
115
115
146
146
164
164
425
425
477
477
305
305
160
160
160
160
266
266
422
422
149
149
226
226
207
207
258
258
134
134
388
388
194
194
173
173
343
343
184
184
157
157
288
288
241
241
186
186
229
229
215
215
88
88
135
135
362
362
556
556
264
264
120
120
370
370
129
129
358
358
79
79
581
581
230
230
170
170
117
117
333
333
107
107
180
180
99
99
185
185
281
281
129
129
123
123
382
382
166
166
180
180
288
288
434
434
228
228
238
238
214
214
72
72
355
355
306
306
140
140
115
115
221
221
154
154
198
198
133
133
249
249
214
214
100
100
318
318
214
214
158
158
228
228
166
166
164
164
237
237
344
344
480
480
145
145
441
441
298
298
380
380
174
174
157
157
224
224
254
254
386
386
156
156
457
457
239
239
287
287
246
246
390
390
344
344
320
320
125
125
230
230
160
160
292
292
148
148
201
201
289
289
278
278
268
268
201
201
160
160
312
312
195
195
202
202
237
237
252
252
226
226
123
123
337
337
228
228
457
457
309
309
186
186
86
86
128
128
162
162
176
176
341
341
367
367
96
96
235
235
259
259
278
278
240
240
235
235
279
279
141
141
331
331
384
384
669
669
406
406
258
258
231
231
244
244
313
313
160
160
196
196
127
127
157
157
256
256
111
111
112
112
293
293
238
238
285
285
272
272
70
70
127
127
365
365
218
218
298
298
142
142
137
137
206
206
264
264
376
376
170
170
291
291
174
174
103
103
219
219
223
223
278
278
371
371
174
174
299
299
163
163
156
156
675
675
259
259
419
419
137
137
329
329
121
121
140
140
212
212
438
438
181
181
245
245
197
197
189
189
234
234
385
385
142
142
199
199
247
247
165
165
412
412
122
122
373
373
171
171
181
181
287
287
119
119
256
256
401
401
234
234
60
60
209
209
568
568
82
82
185
185
418
418
287
287
345
345
194
194
396
396
147
147
203
203
262
262
187
187
104
104
429
429
450
450
81
81
331
331
117
117
92
92
205
205
66
66
67
67
156
156
186
186
387
387
247
247
203
203
136
136
78
78
185
185
114
114
418
418
89
89
296
296
320
320
106
106
500
500
173
173
268
268
436
436
113
113
87
87
167
167
311
311
268
268
287
287
484
484
137
137
626
626
183
183
313
313
209
209
135
135
519
519
249
249
221
221
94
94
221
221
65
65
70
70
99
99
262
262
311
311
117
117
51
51
305
305
51
51
39
39
67
67
103
103
112
112
47
47
54
54
347
347
69
69
184
184
170
170
68
68
174
174
373
373
133
133
308
308
250
250
193
193
126
126
370
370
246
246
526
526
72
72
45
45
102
102
234
234
254
254
100
100
222
222
117
117
420
420
142
142
200
200
231
231
91
91
299
299
136
136
102
102
182
182
556
556
435
435
387
387
444
444
148
148
209
209
291
291
271
271
244
244
382
382
257
257
290
290
178
178
221
221
137
137
166
166
158
158
555
555
289
289
241
241
184
184
113
113
59
59
130
130
588
588
209
209
41
41
230
230
191
191
128
128
264
264
148
148
202
202
238
238
192
192
45
45
143
143
72
72
252
252
229
229
112
112
77
77
49
49
173
173
188
188
62
62
30
30
213
213
55
55
292
292
98
98
221
221
113
113
80
80
230
230
425
425
325
325
110
110
208
208
103
103
163
163
193
193
167
167
547
547
122
122
166
166
121
121
271
271
405
405
99
99
79
79
90
90
88
88
105
105
263
263
339
339
252
252
175
175
158
158
209
209
170
170
242
242
229
229
270
270
286
286
136
136
164
164
543
543
78
78
127
127
144
144
181
181
309
309
470
470
490
490
272
272
318
318
227
227
113
113
105
105
157
157
238
238
201
201
100
100
149
149
130
130
293
293
213
213
268
268
164
164
392
392
274
274
330
330
118
118
277
277
147
147
211
211
180
180
202
202
262
262
263
263
253
253
209
209
116
116
172
172
320
320
138
138
319
319
206
206
234
234
338
338
111
111
139
139
289
289
148
148
212
212
299
299
113
113
230
230
223
223
245
245
202
202
414
414
65
65
400
400
135
135
371
371
152
152
70
70
316
316
308
308
516
516
247
247
175
175
96
96
136
136
47
47
171
171
79
79
184
184
130
130
59
59
113
113
43
43
60
60
90
90
260
260
98
98
294
294
121
121
269
269
225
225
137
137
192
192
177
177
202
202
509
509
337
337
240
240
321
321
615
615
265
265
537
537
332
332
198
198
198
198
163
163
142
142
187
187
262
262
213
213
191
191
274
274
145
145
479
479
143
143
635
635
251
251
170
170
347
347
517
517
245
245
94
94
208
208
322
322
175
175
92
92
244
244
451
451
497
497
150
150
448
448
302
302
395
395
221
221
149
149
267
267
155
155
209
209
498
498
281
281
107
107
108
108
85
85
162
162
89
89
323
323
693
693
406
406
304
304
257
257
215
215
333
333
530
530
300
300
301
301
206
206
588
588
200
200
426
426
96
96
275
275
221
221
490
490
240
240
223
223
204
204
215
215
194
194
346
346
197
197
145
145
232
232
331
331
226
226
300
300
73
73
82
82
50
50
147
147
297
297
150
150
359
359
279
279
164
164
402
402
253
253
121
121
284
284
97
97
576
576
202
202
263
263
160
160
157
157
369
369
240
240
201
201
226
226
56
56
107
107
159
159
183
183
159
159
121
121
414
414
119
119
563
563
323
323
673
673
392
392
259
259
53
53
495
495
171
171
83
83
287
287
115
115
262
262
174
174
312
312
136
136
139
139
418
418
218
218
114
114
131
131
147
147
329
329
73
73
119
119
219
219
489
489
198
198
162
162
339
339
292
292
228
228
181
181
177
177
284
284
104
104
259
259
459
459
376
376
265
265
103
103
248
248
274
274
204
204
413
413
254
254
379
379
401
401
99
99
156
156
294
294
148
148
216
216
273
273
58
58
919
919
633
633
271
271
307
307
320
320
358
358
329
329
132
132
276
276
103
103
221
221
145
145
147
147
299
299
248
248
168
168
205
205
714
714
463
463
668
668
166
166
269
269
262
262
129
129
307
307
376
376
171
171
402
402
201
201
218
218
74
74
328
328
268
268
322
322
359
359
116
116
374
374
242
242
204
204
422
422
268
268
251
251
331
331
99
99
293
293
293
293
241
241
438
438
103
103
330
330
72
72
103
103
203
203
249
249
370
370
255
255
205
205
115
115
371
371
288
288
463
463
373
373
258
258
305
305
281
281
373
373
158
158
230
230
169
169
133
133
328
328
353
353
112
112
201
201
390
390
199
199
195
195
495
495
139
139
72
72
72
72
537
537
547
547
99
99
178
178
120
120
237
237
37
37
95
95
193
193
168
168
268
268
181
181
99
99
289
289
570
570
240
240
205
205
125
125
189
189
38
38
165
165
176
176
183
183
90
90
78
78
487
487
259
259
237
237
240
240
147
147
89
89
217
217
265
265
58
58
109
109
98
98
77
77
89
89
69
69
194
194
264
264
115
115
112
112
114
114
271
271
504
504
130
130
74
74
105
105
125
125
142
142
175
175
400
400
266
266
90
90
132
132
275
275
224
224
247
247
217
217
81
81
167
167
106
106
221
221
347
347
228
228
173
173
396
396
484
484
184
184
71
71
149
149
269
269
156
156
130
130
789
789
267
267
319
319
255
255
162
162
279
279
165
165
179
179
155
155
162
162
253
253
433
433
103
103
154
154
168
168
299
299
302
302
57
57
90
90
327
327
382
382
122
122
58
58
180
