128
152
513
452
203
438
424
246
293
153
91
196
191
175
203
508
354
199
448
204
301
313
271
244
311
405
304
59
718
238
383
163
166
328
81
94
408
578
171
843
670
316
127
189
369
409
243
220
328
473
262
333
181
322
222
242
550
339
202
196
440
152
313
225
214
175
78
106
314
206
407
367
164
186
261
414
187
337
225
385
200
594
84
282
130
61
44
433
242
160
425
231
202
187
346
280
101
338
787
197
208
424
91
189
469
120
398
336
137
324
230
231
262
100
585
393
235
573
282
199
154
819
134
476
208
339
259
238
283
574
239
171
93
86
155
51
161
280
72
96
190
327
145
423
325
175
47
82
271
420
296
651
405
221
260
193
448
287
132
392
296
403
209
563
345
269
281
219
288
288
375
194
125
202
312
162
230
213
94
87
303
119
203
730
430
714
297
502
376
271
440
162
273
277
243
460
214
297
220
311
211
188
76
218
272
482
216
225
128
96
166
231
556
483
300
704
408
290
352
258
414
207
320
180
402
500
209
420
231
589
193
180
246
294
355
488
249
416
396
279
207
264
260
519
246
182
423
577
181
359
372
247
194
260
204
157
368
325
285
314
246
289
268
228
289
407
277
281
395
398
550
185
339
148
253
163
255
322
85
282
265
206
359
537
184
234
84
314
296
204
95
593
820
161
445
167
171
242
150
231
207
251
219
219
296
115
183
196
320
88
699
386
136
279
158
173
214
182
344
308
125
183
372
292
525
56
88
296
340
266
309
226
241
399
193
155
434
368
81
284
70
232
103
319
97
311
451
319
112
240
169
383
164
122
179
216
324
214
173
588
278
811
119
131
102
243
167
344
316
98
84
279
146
179
119
79
499
438
45
156
64
125
249
105
252
100
138
149
412
107
484
69
212
84
301
97
369
589
597
333
410
146
212
472
181
157
268
411
479
289
342
322
129
215
131
395
154
140
180
287
151
438
296
309
284
262
64
139
241
93
310
218
201
55
67
169
336
250
249
330
154
269
364
90
400
306
582
563
123
260
275
345
98
107
379
350
117
353
351
514
258
576
122
314
227
382
330
330
24
155
155
69
170
291
127
230
248
297
185
203
345
327
205
231
96
515
361
578
494
516
126
210
244
87
295
428
313
174
269
45
235
295
197
132
291
278
354
139
138
423
108
88
250
89
396
145
152
94
318
166
368
272
194
714
152
226
337
198
404
279
265
243
330
227
212
231
467
276
501
263
200
394
114
133
381
328
240
148
667
393
390
286
373
427
392
209
264
417
370
291
395
467
205
146
182
381
214
106
638
380
235
171
182
97
336
687
384
470
312
210
311
520
181
329
253
131
433
107
74
278
213
164
132
150
198
531
382
197
131
242
260
60
162
213
333
127
592
407
141
119
102
56
259
207
155
313
77
168
492
419
229
125
134
378
193
505
112
165
93
77
168
266
278
285
523
103
231
211
218
296
378
237
475
261
273
269
314
214
248
177
264
343
384
357
135
79
41
199
716
39
257
455
216
404
339
107
161
389
392
668
150
418
158
215
516
257
258
126
199
190
550
187
252
379
123
114
161
275
230
131
413
231
218
72
134
131
705
91
279
152
351
197
243
348
322
94
158
97
206
240
427
188
261
316
381
145
403
96
181
655
274
343
238
258
376
856
174
102
214
429
479
94
48
429
193
89
371
50
179
426
89
119
231
171
263
412
465
315
289
147
242
285
281
324
435
322
203
442
350
342
218
307
244
111
198
117
427
98
172
670
207
367
220
139
558
131
306
221
455
368
173
103
63
461
202
218
295
146
212
193
141
203
318
295
221
267
189
123
455
621
170
311
215
434
473
234
480
210
164
170
383
209
129
95
291
151
379
106
452
261
57
186
91
148
183
280
109
179
332
218
329
552
216
260
279
114
276
159
125
370
420
178
206
459
193
327
245
387
610
69
150
373
199
127
148
112
319
174
167
333
393
345
393
217
717
843
597
363
324
172
117
195
264
672
222
127
280
243
301
84
326
82
204
522
120
146
575
410
255
199
400
91
408
276
94
300
115
171
218
184
512
46
171
78
381
215
176
175
226
263
227
97
291
213
94
251
319
55
316
235
336
228
151
421
116
261
429
220
158
442
235
246
330
132
407
181
413
418
519
168
161
267
400
369
66
681
217
338
248
97
298
399
266
245
319
355
76
102
386
200
138
148
285
349
195
411
400
361
97
301
311
335
132
159
309
232
394
105
159
129
266
294
655
263
304
103
270
659
243
166
125
428
372
324
234
128
111
103
525
462
188
91
92
541
97
321
305
219
367
475
228
394
222
520
130
43
523
449
296
100
370
167
159
312
127
294
60
457
431
211
169
267
476
165
330
283
696
348
625
80
212
361
552
121
87
42
181
204
101
264
90
292
170
213
184
665
328
368
95
248
159
679
218
209
157
129
389
299
147
353
238
225
178
100
191
108
199
341
119
577
116
214
463
268
340
140
185
229
214
426
277
478
314
141
274
324
425
75
76
52
343
1031
143
82
97
246
422
154
91
115
430
126
279
324
287
217
198
94
257
513
308
267
473
270
126
91
215
44
162
290
461
116
726
464
365
305
337
188
157
226
103
272
209
182
196
246
193
151
566
141
137
128
316
290
276
179
73
401
273
263
187
45
498
189
302
122
85
289
289
421
167
106
223
102
59
375
100
196
251
378
297
202
249
728
457
287
352
420
568
186
134
181
235
166
451
148
135
189
163
312
395
228
168
443
214
187
137
423
197
109
273
78
310
148
118
285
133
204
191
120
343
382
76
569
439
238
269
558
212
133
215
311
177
304
156
137
660
573
405
184
205
392
229
394
168
163
119
308
615
169
223
182
111
446
262
76
91
288
227
258
178
166
719
235
293
308
151
299
78
136
574
513
456
156
253
219
246
79
195
184
318
542
561
257
304
133
290
279
318
197
211
378
189
308
77
166
187
365
288
98
256
376
579
293
89
112
309
380
66
217
619
285
255
207
275
327
326
296
254
107
342
226
319
182
273
204
240
237
117
164
118
414
526
238
104
382
59
114
356
56
212
206
421
208
166
774
237
60
191
448
460
344
229
119
187
143
334
180
563
83
55
118
119
180
353
168
373
196
319
112
465
245
128
231
505
444
105
364
356
155
289
167
464
357
419
309
147
170
86
320
413
237
395
245
422
193
113
382
423
309
319
126
334
331
398
240
530
233
241
98
100
402
314
176
232
135
108
532
252
205
254
329
288
293
68
245
517
554
143
237
61
113
679
336
541
182
377
106
98
264
387
135
81
408
332
763
272
358
213
372
267
289
278
383
182
346
250
496
252
184
124
240
440
262
369
127
859
174
106
285
187
211
160
537
310
328
153
185
115
354
391
136
351
222
301
118
158
336
181
227
183
196
302
369
198
257
405
171
306
79
245
66
339
99
571
357
234
377
292
458
305
400
248
131
119
200
215
116
180
147
131
54
772
106
185
246
118
215
177
479
311
266
518
55
473
342
242
425
125
103
248
411
76
381
222
317
69
192
396
337
143
337
181
254
257
144
288
251
215
186
132
385
213
148
227
220
259
184
278
128
165
792
358
127
256
90
177
490
67
183
258
248
106
47
222
442
428
192
84
31
273
195
181
129
82
211
682
216
219
299
201
442
165
177
202
181
414
348
219
252
260
314
313
685
207
91
197
58
231
392
297
795
508
222
280
550
604
155
163
149
440
364
111
264
236
261
100
183
78
367
120
228
402
110
150
153
165
339
93
404
116
528
435
167
158
132
172
182
525
112
285
307
108
206
155
103
135
259
248
171
305
177
388
106
123
494
662
262
296
212
254
284
482
286
261
309
159
331
267
475
206
197
133
130
103
69
191
217
218
98
306
280
230
287
273
106
93
142
295
241
138
106
197
437
367
301
614
125
232
380
308
144
131
160
388
115
221
91
439
318
308
314
100
152
117
201
293
328
478
619
137
339
230
161
308
219
234
472
342
391
211
295
193
115
316
194
228
233
403
87
298
134
293
134
119
218
223
208
89
202
143
144
252
174
212
538
518
349
180
556
282
106
224
333
162
174
299
164
106
193
153
140
106
222
408
130
180
220
372
388
153
167
326
313
561
135
367
148
288
574
399
510
398
176
136
202
555
209
232
142
63
340
759
77
189
179
164
391
66
536
477
627
152
137
167
185
240
66
177
519
74
257
102
296
253
123
134
359
371
197
473
177
269
249
375
164
392
184
110
94
66
76
198
304
238
39
188
168
139
185
404
92
104
218
268
333
174
351
224
658
114
106
64
129
117
303
62
146
453
181
304
97
280
255
204
397
568
182
133
200
379
236
63
397
248
164
151
139
273
225
169
351
362
224
925
567
302
129
237
716
378
312
75
393
148
245
252
260
381
64
176
130
233
474
242
406
324
61
40
265
529
280
73
352
231
104
229
298
109
66
484
239
117
368
280
575
126
199
314
246
283
79
146
281
221
157
154
222
594
577
116
202
243
414
55
140
233
429
79
370
149
109
602
324
221
308
138
414
211
286
129
99
279
113
432
135
329
387
166
181
313
215
523
237
81
92
128
187
449
84
224
244
90
149
213
154
319
404
236
264
161
606
480
310
158
561
255
264
186
75
607
497
337
116
179
596
120
251
261
368
347
323
132
179
97
522
260
407
228
260
441
556
150
232
400
250
83
319
286
46
272
106
95
366
218
232
400
189
304
190
114
410
189
324
252
259
134
439
364
117
223
227
212
219
385
385
116
137
480
188
354
817
136
209
173
144
92
367
232
160
73
507
262
220
202
532
186
96
343
320
360
166
328
627
565
143
240
211
168
111
124
356
167
222
173
278
213
96
202
301
257
69
269
283
378
101
578
200
346
370
92
224
317
264
99
155
169
377
87
587
179
271
419
187
195
299
246
398
301
292
144
270
168
152
68
474
188
239
669
197
374
247
179
163
189
127
112
413
447
309
97
435
295
363
283
134
522
198
278
343
129
252
128
142
376
528
461
63
107
135
150
268
426
92
261
234
302
225
173
157
147
293
212
370
395
179
150
258
299
388
230
113
744
163
89
332
331
139
439
270
288
171
293
218
271
184
323
182
276
106
184
253
345
111
159
340
306
871
378
231
192
278
259
252
112
221
164
90
249
133
135
110
314
532
80
292
190
147
77
154
145
93
244
448
212
120
260
50
136
362
333
286
302
424
184
191
192
216
265
252
193
295
199
503
216
337
132
212
314
41
154
94
103
376
112
178
134
196
60
417
456
281
121
92
223
237
274
221
215
157
149
250
541
191
125
159
350
191
236
776
125
376
430
128
205
423
73
162
130
109
126
89
346
455
484
490
134
244
166
253
89
418
173
397
41
252
272
130
98
228
165
250
305
422
236
88
97
416
73
277
147
150
250
400
64
425
103
113
74
196
245
233
130
200
261
264
74
87
162
389
355
221
153
663
93
640
86
253
361
438
98
460
707
138
390
361
276
262
627
99
331
84
363
231
143
427
179
224
724
314
465
206
641
348
322
116
445
317
213
230
110
128
130
150
76
414
194
212
621
207
163
108
328
174
317
118
145
211
165
47
69
646
220
118
109
210
247
140
98
252
273
426
269
152
119
430
117
286
71
772
158
172
93
326
73
514
173
327
180
323
340
85
233
197
230
237
175
326
234
411
102
130
332
103
402
380
334
301
276
304
147
199
178
227
124
402
154
631
441
88
343
163
616
311
303
640
425
186
304
209
194
466
301
363
217
218
212
534
323
154
211
141
316
151
189
119
183
73
288
696
392
147
209
337
89
130
217
323
505
243
653
727
314
355
58
389
540
415
542
387
327
96
417
80
376
78
364
97
546
271
123
269
262
373
424
626
123
186
354
250
294
376
256
309
400
201
124
259
327
570
122
181
249
228
174
150
142
246
335
141
120
247
146
50
358
347
277
185
117
193
152
687
285
221
319
394
116
207
87
68
422
224
153
104
194
101
107
127
458
173
192
437
456
318
110
239
434
196
212
136
119
97
308
158
145
209
198
100
215
194
71
51
179
325
322
303
125
336
112
221
289
54
267
269
195
282
351
755
181
189
121
153
146
739
287
131
72
100
260
165
261
313
124
462
108
207
176
369
134
234
262
209
104
181
113
142
256
198
157
117
82
310
490
198
229
302
286
288
246
317
261
149
516
487
357
297
210
326
373
486
127
405
497
375
197
120
480
204
263
436
203
84
120
328
110
245
391
133
273
111
193
186
251
359
450
406
177
425
198
297
471
308
164
68
501
133
286
460
171
127
606
191
208
126
53
63
157
188
320
243
272
365
221
168
297
516
70
158
182
139
170
138
449
258
92
111
369
263
307
412
151
98
223
170
156
108
140
143
476
102
398
338
459
350
274
58
92
327
422
323
220
247
262
654
364
193
70
251
521
245
280
325
85
74
124
356
145
260
110
317
153
393
93
210
221
208
267
254
234
309
392
212
303
231
396
123
340
262
104
380
230
105
223
425
110
385
240
309
173
265
79
150
61
699
674
223
215
406
255
154
129
135
88
268
523
392
389
383
339
215
305
102
363
325
270
130
345
297
141
325
352
180
84
70
103
552
202
430
352
163
475
589
302
238
119
311
230
247
74
227
354
246
97
222
66
175
106
163
187
382
110
261
347
171
124
216
238
282
234
438
233
252
302
105
293
184
160
638
842
387
102
475
341
155
378
151
240
332
224
77
200
253
84
165
147
289
274
319
220
313
249
309
132
268
309
158
537
270
264
135
223
507
259
173
383
78
259
147
107
194
68
245
89
393
724
156
319
184
343
72
126
82
269
320
350
160
106
116
405
240
371
203
280
580
140
433
218
363
356
437
489
192
241
190
445
86
214
194
89
188
280
276
418
318
226
311
140
417
302
90
358
149
435
333
51
79
367
376
103
480
353
384
470
206
56
192
185
186
350
482
778
99
379
306
302
97
143
150
138
270
121
160
277
667
246
232
207
81
152
384
161
296
164
84
402
285
252
365
225
431
258
172
243
181
97
394
647
286
566
144
439
334
173
194
211
88
332
363
240
179
249
306
143
393
311
257
371
276
372
228
251
230
104
165
82
345
234
296
327
485
263
322
380
475
303
89
202
43
351
121
233
153
291
116
197
413
175
227
197
441
381
276
478
193
421
107
341
306
98
214
101
59
180
375
224
110
223
389
443
251
335
77
124
185
243
102
107
252
405
213
76
827
483
114
133
190
588
599
255
112
70
237
109
572
159
98
233
360
175
388
328
169
228
447
238
130
252
426
115
344
436
74
478
261
165
252
161
528
152
125
246
327
120
252
404
270
100
198
455
75
82
751
209
430
142
287
228
212
320
141
336
293
246
183
252
336
138
143
150
167
250
386
175
389
247
250
167
227
101
256
161
291
174
126
206
169
212
194
129
179
239
293
99
224
169
153
86
157
488
98
398
248
517
227
83
81
476
442
578
252
127
162
248
539
190
91
192
240
47
278
412
582
588
401
415
185
232
299
190
333
248
326
178
59
354
173
298
277
391
154
147
468
161
521
489
105
214
287
426
125
555
159
333
572
565
67
97
88
328
84
373
137
178
206
296
216
293
721
351
450
458
342
241
166
194
433
120
324
177
564
327
67
387
170
175
127
181
254
120
97
174
198
183
289
63
215
287
159
225
265
199
477
215
113
128
156
209
91
134
117
109
1321
209
270
72
510
470
126
382
133
81
405
190
135
157
71
205
331
188
231
171
340
125
257
464
305
185
365
221
135
580
308
256
118
88
275
305
250
149
302
362
230
130
583
84
145
268
368
567
132
156
146
537
185
121
30
129
150
416
191
93
56
125
413
193
123
115
359
286
261
146
532
128
174
157
152
287
370
932
288
320
279
218
213
364
145
470
249
135
316
107
241
130
184
129
232
100
372
41
696
101
233
336
305
191
221
725
647
333
124
360
98
133
258
336
727
108
328
63
581
773
460
407
606
106
215
113
248
125
323
156
176
350
109
364
134
325
149
131
309
309
108
181
199
351
170
203
330
160
407
141
160
142
276
97
394
420
168
205
200
168
78
283
345
75
318
223
183
201
288
106
449
324
458
586
660
265
454
990
66
344
156
158
153
120
373
424
357
343
542
221
169
366
435
81
229
195
225
76
137
219
215
157
356
367
153
191
480
87
352
172
141
339
196
281
89
278
107
72
114
157
391
372
292
224
271
367
314
134
113
240
264
161
123
205
580
300
119
298
143
371
49
472
268
292
331
335
305
650
228
154
264
234
254
180
263
221
440
160
348
213
272
197
343
319
187
232
336
152
103
255
95
178
412
356
148
281
304
161
271
522
172
131
113
54
251
535
451
228
598
347
369
69
232
286
162
221
192
264
328
289
54
324
156
259
595
453
190
234
56
192
715
363
247
328
306
110
858
345
68
156
202
100
271
188
181
462
148
245
103
147
493
428
225
431
144
308
451
123
303
72
148
229
390
374
443
252
638
282
237
332
362
240
242
196
366
47
455
278
140
235
217
248
299
622
258
364
67
175
400
795
86
169
486
167
353
200
335
463
128
256
290
363
403
471
357
34
212
300
140
258
201
192
319
127
345
345
276
356
211
143
373
122
144
242
83
340
52
41
346
343
506
168
140
443
205
370
213
166
320
118
302
434
322
187
117
133
324
563
76
136
131
235
177
308
285
126
238
454
499
124
223
283
310
286
262
303
78
345
191
327
595
279
183
140
211
198
116
250
301
115
128
181
426
199
274
137
177
247
115
190
299
157
265
377
229
165
303
351
103
112
162
163
177
275
195
132
680
228
372
424
132
53
189
662
166
565
453
277
158
111
114
236
274
349
69
275
392
107
117
162
560
249
394
539
156
168
285
393
227
508
198
486
704
103
153
394
638
255
59
114
360
103
347
117
103
178
206
75
270
237
97
237
252
284
164
237
257
148
298
272
118
130
391
189
214
252
177
489
186
176
305
276
294
158
346
128
55
36
183
160
143
127
155
292
476
75
324
84
140
88
302
131
418
136
452
344
143
237
194
189
80
130
230
496
294
450
79
137
152
252
273
376
48
55
490
163
165
69
309
272
468
48
69
100
104
366
170
179
258
453
284
107
290
149
68
190
532
115
300
265
373
303
628
251
244
462
238
151
218
435
305
246
246
111
207
238
201
152
434
59
297
455
182
219
215
160
442
242
302
98
262
491
184
110
58
128
235
293
197
114
275
109
197
167
349
370
235
205
298
73
332
300
241
217
206
414
102
185
513
615
392
349
449
218
226
146
446
140
286
96
288
235
123
178
146
189
172
219
142
607
229
288
249
247
127
236
159
169
477
209
451
180
311
447
480
128
158
270
158
198
273
283
561
294
522
121
101
722
212
220
291
106
130
327
338
283
595
208
85
100
248
121
446
196
57
116
193
361
123
162
457
281
444
103
355
240
242
80
174
331
175
56
347
160
227
359
169
136
111
158
51
330
470
300
575
485
74
44
403
223
184
167
76
163
397
204
56
83
206
366
177
313
256
285
285
413
350
467
227
380
132
482
531
210
170
491
82
302
97
221
328
302
99
317
208
180
96
56
261
138
502
511
261
376
274
59
154
218
223
285
325
343
422
291
206
326
174
284
457
121
93
250
390
106
162
279
145
82
107
345
171
387
116
226
195
205
136
393
224
452
252
175
153
348
125
453
136
290
338
298
419
709
288
199
163
159
563
338
494
285
451
494
180
157
166
338
552
216
196
223
179
321
404
97
245
115
141
179
190
111
180
93
286
386
166
83
134
99
197
79
125
226
149
77
90
278
116
228
221
315
147
134
146
84
469
141
347
208
679
216
317
172
367
368
149
362
94
233
120
415
213
170
391
68
175
168
527
399
233
387
267
190
71
247
205
306
229
76
85
258
301
148
210
253
599
206
811
209
172
352
430
196
304
200
261
747
296
431
683
100
99
134
319
531
53
426
112
240
262
170
768
91
437
151
339
262
221
61
409
220
68
206
332
118
112
237
267
66
401
270
333
136
206
309
329
77
355
547
466
168
357
296
182
491
243
160
268
167
131
183
93
234
114
511
52
445
182
248
215
209
123
355
327
148
237
488
297
184
183
125
166
311
192
277
198
489
315
333
85
369
508
337
215
58
228
547
74
317
147
284
224
72
187
47
315
302
209
223
340
95
635
202
245
377
242
306
195
327
168
303
246
88
68
328
199
222
194
277
125
288
122
85
253
179
102
315
535
420
239
119
84
228
174
270
113
82
104
274
374
350
458
294
401
184
126
427
156
351
59
245
320
234
223
399
303
274
195
405
174
434
43
233
246
349
165
269
119
308
132
395
133
214
577
109
348
421
157
301
313
277
360
338
460
201
442
60
158
624
226
141
469
406
254
172
186
324
209
334
261
231
196
358
321
283
165
199
293
107
140
534
103
327
336
375
268
406
461
115
74
187
367
396
143
331
56
555
365
306
328
400
718
97
87
396
345
56
188
56
451
254
160
340
664
110
233
326
555
497
111
284
162
112
305
52
361
212
155
229
200
194
375
482
242
290
235
493
523
199
291
370
230
641
226
414
101
173
250
271
532
219
95
200
344
144
295
101
331
73
166
124
527
328
281
520
65
113
173
158
306
450
223
187
209
423
650
249
117
178
79
230
373
122
274
197
95
274
230
576
200
360
102
71
199
225
178
241
346
93
272
106
208
140
364
121
197
162
342
223
241
237
383
174
226
162
239
578
72
278
114
224
138
263
172
280
402
128
97
433
95
274
435
83
397
229
538
549
243
174
47
214
191
291
364
147
227
130
336
186
185
135
326
129
257
198
517
172
180
362
379
225
344
154
539
373
94
137
154
208
378
296
203
323
210
304
193
294
160
512
262
307
373
226
84
188
405
308
209
106
187
286
284
276
688
266
170
504
215
194
200
107
640
247
317
468
150
109
310
311
354
127
254
372
77
258
110
701
90
62
152
244
163
304
249
116
263
494
150
281
96
199
202
119
344
73
404
667
248
645
345
289
380
95
175
137
184
174
799
247
171
297
591
170
292
804
145
339
158
219
222
401
164
458
221
175
428
66
407
197
255
257
372
870
464
537
188
475
227
314
251
529
306
170
173
427
355
293
275
342
82
210
129
130
292
195
219
360
78
74
261
139
234
314
930
212
288
219
240
177
193
320
338
113
421
376
317
143
107
195
181
106
360
89
189
95
298
109
333
254
333
194
243
39
323
78
281
207
168
133
428
437
83
209
223
339
42
69
141
317
429
198
231
156
302
292
207
42
168
177
208
219
282
213
103
399
199
444
180
304
139
203
139
181
198
130
87
124
264
49
157
518
596
252
307
221
252
255
314
182
189
77
255
278
264
560
321
172
161
227
89
243
124
135
491
450
432
349
218
329
276
252
777
233
373
304
225
201
374
129
301
211
481
411
171
386
159
218
248
93
386
50
91
248
211
126
125
127
432
173
162
207
83
96
162
193
406
300
325
203
182
166
180
179
161
608
183
72
198
283
484
141
167
270
236
175
440
544
213
137
330
205
103
238
360
171
621
190
555
154
289
200
305
134
312
325
296
215
397
353
361
363
453
206
159
587
229
208
292
95
227
315
271
221
225
430
108
621
91
75
41
275
639
92
185
433
415
107
331
187
164
129
75
377
177
181
523
242
350
200
106
112
573
77
148
222
83
267
142
165
431
379
704
151
226
219
144
199
332
281
83
294
276
353
327
154
353
123
249
232
67
88
117
280
133
135
117
201
94
487
242
117
199
227
256
231
170
387
224
98
155
476
370
443
233
270
167
141
243
486
206
74
138
361
409
245
325
122
232
291
321
478
119
201
385
115
132
151
275
315
138
381
393
235
423
372
347
242
317
247
94
239
149
101
532
218
238
213
472
130
347
168
428
140
176
330
102
112
255
219
420
255
317
157
133
204
145
196
220
264
308
456
88
417
177
403
342
229
306
366
471
281
270
536
210
53
219
151
274
450
162
369
212
191
295
459
184
226
634
476
260
136
155
204
58
376
153
109
104
318
126
271
190
146
250
208
171
133
211
75
124
130
114
678
357
297
106
277
118
205
574
249
501
596
269
200
323
261
83
156
153
216
170
317
151
226
318
388
154
147
437
228
173
226
432
246
122
121
150
766
548
234
304
277
145
444
336
148
100
216
456
528
432
83
196
328
452
472
395
217
167
221
335
270
545
347
369
255
204
246
29
122
205
149
369
503
327
402
162
327
386
281
309
221
268
286
164
295
201
362
154
195
453
317
102
184
113
75
284
264
113
207
289
102
384
203
102
196
504
218
335
407
407
416
202
316
361
157
410
415
494
181
100
335
133
187
317
164
219
89
448
126
173
140
257
317
265
182
396
81
619
247
699
383
264
339
570
287
209
432
412
223
91
377
244
182
224
199
134
252
82
361
260
555
521
369
188
384
66
100
336
303
175
752
186
232
292
178
281
136
227
220
163
289
300
351
91
243
194
58
303
389
64
621
50
318
518
431
223
196
250
196
124
339
258
99
351
552
126
156
267
161
176
172
320
263
94
189
131
323
471
170
152
495
211
493
181
202
125
401
289
194
488
224
400
396
115
121
221
252
331
455
590
309
310
94
231
139
174
62
306
171
286
197
609
488
230
189
260
98
98
156
155
244
274
375
299
221
144
338
295
58
138
203
203
169
127
202
118
545
330
119
288
308
131
407
299
165
118
142
143
294
525
114
211
89
221
362
569
765
121
164
326
281
433
59
52
154
432
187
143
309
347
329
244
292
132
413
114
107
550
373
111
645
197
246
198
335
263
311
473
131
383
108
397
410
342
392
96
311
59
181
341
236
105
424
88
220
711
142
267
311
383
341
293
230
202
312
110
202
516
192
132
115
378
203
169
243
491
246
322
255
286
212
197
508
306
290
411
211
142
91
139
561
171
218
383
67
164
215
270
67
115
291
58
285
150
273
165
254
85
159
198
318
203
166
177
285
292
145
234
174
471
94
85
286
477
199
449
238
167
290
97
166
339
187
385
168
307
241
255
315
61
142
206
45
121
180
608
434
116
237
246
246
115
243
82
174
263
75
135
360
347
173
439
244
251
113
78
131
151
252
265
321
300
72
148
432
322
332
61
403
396
610
214
365
485
331
363
188
234
180
737
497
351
230
201
286
162
180
162
338
238
134
244
148
479
395
528
289
508
610
226
274
429
133
322
58
218
223
435
356
236
56
346
175
192
187
527
211
221
332
152
437
45
373
112
91
162
390
439
331
216
220
588
187
434
215
309
353
376
132
93
183
154
146
36
207
591
200
144
282
247
213
109
511
298
225
283
166
207
355
173
450
212
436
41
311
177
228
178
545
288
199
254
506
555
338
469
165
264
178
132
230
279
55
92
417
247
221
131
295
586
207
401
263
494
150
367
161
634
297
183
338
380
297
215
351
370
169
240
218
105
413
319
193
167
237
367
504
172
394
296
98
291
184
212
202
139
157
436
255
134
167
189
648
74
263
375
445
163
122
194
412
223
431
260
408
72
85
423
158
71
199
151
388
141
127
258
308
541
229
158
254
272
472
111
327
132
72
446
171
235
317
184
404
145
202
179
579
193
359
407
184
337
456
156
407
224
151
295
533
232
142
138
553
624
99
135
272
243
349
38
299
297
391
233
505
348
119
192
671
302
141
755
49
447
418
141
96
224
284
218
175
199
380
303
254
288
158
398
513
523
286
49
208
124
83
354
139
87
334
232
265
77
558
436
196
349
123
399
179
197
268
148
435
144
373
221
201
403
128
188
335
360
164
402
178
99
174
389
165
968
204
107
235
440
100
105
113
210
176
185
556
215
551
531
164
368
239
356
274
725
55
183
401
293
56
254
314
391
394
379
172
62
321
105
537
249
149
164
190
95
353
499
481
181
172
160
201
319
69
236
221
170
132
124
404
85
284
730
281
98
392
184
613
100
179
126
429
413
408
455
261
149
568
56
118
504
402
423
373
131
196
106
230
177
214
182
125
133
268
98
302
684
135
83
272
217
449
232
392
58
358
447
193
90
230
270
700
221
225
187
143
163
181
304
395
351
596
306
250
158
240
444
377
188
69
322
349
157
785
205
212
379
168
215
164
422
205
294
99
133
122
91
290
180
177
113
139
249
253
591
253
62
430
311
72
73
404
178
341
156
240
322
190
353
114
122
360
73
177
533
318
84
288
236
78
423
316
283
105
110
250
415
230
62
972
411
289
162
335
178
276
671
295
263
392
251
414
129
73
62
255
97
169
292
449
415
259
315
145
127
262
201
112
241
219
289
107
119
136
404
314
378
238
373
61
177
329
319
322
308
295
287
55
134
453
206
312
334
190
138
486
141
201
362
149
259
265
244
119
496
299
568
306
891
181
189
261
261
176
96
380
304
144
137
107
154
312
241
263
330
261
74
161
214
154
82
148
341
317
205
259
488
407
132
253
60
232
171
557
310
365
355
145
153
247
477
194
544
182
307
240
122
188
190
268
519
97
65
55
158
578
158
295
302
147
304
235
292
166
212
287
151
252
220
153
346
188
128
90
150
233
222
172
143
276
312
108
116
109
464
537
310
489
86
222
303
131
179
148
109
173
224
160
150
787
320
188
112
304
90
275
202
340
201
297
146
209
523
509
206
211
211
101
426
202
199
604
111
366
275
313
251
246
100
131
103
153
369
472
290
335
81
433
298
126
81
63
47
356
476
192
498
663
431
291
463
134
438
488
477
388
190
114
336
320
281
288
168
291
165
73
268
143
200
117
148
121
230
81
413
179
546
409
428
196
431
121
210
460
332
143
125
90
314
261
203
445
263
171
250
141
129
167
252
368
482
251
212
509
186
356
123
376
505
151
220
313
209
214
584
210
163
148
218
142
161
205
326
160
179
81
56
79
233
157
298
402
240
86
448
271
150
212
185
218
282
74
121
362
71
748
240
416
397
282
504
197
240
524
387
437
154
487
111
146
289
695
662
97
226
522
107
174
234
283
209
402
186
327
103
554
215
171
253
261
112
312
80
119
633
497
200
816
161
367
282
338
180
505
140
280
357
160
139
365
277
195
106
63
105
169
604
320
144
403
457
172
321
187
117
291
40
441
224
187
324
186
219
162
112
207
122
195
434
117
380
275
503
362
488
236
317
242
151
81
215
99
261
170
618
314
168
327
277
125
247
163
344
381
403
165
277
137
141
150
523
162
216
320
336
177
488
111
252
199
353
235
236
243
627
275
523
437
608
71
153
291
712
94
104
447
142
204
124
88
181
154
181
112
121
508
477
480
265
195
188
308
301
344
397
236
117
488
243
217
202
168
223
102
60
316
112
130
83
377
251
181
104
199
44
177
408
103
272
310
278
155
233
257
172
347
201
256
64
181
494
310
233
347
227
162
283
61
234
262
282
468
336
556
295
65
151
360
154
125
527
202
71
228
255
145
327
628
61
105
464
134
78
65
172
178
157
84
386
147
209
166
242
167
298
336
120
188
262
121
182
210
288
222
129
417
191
85
39
287
85
451
271
304
183
144
254
369
303
273
94
251
162
106
387
132
236
198
134
496
117
254
170
300
485
230
258
259
203
159
236
235
273
339
204
683
692
182
251
216
153
348
416
204
437
437
171
216
112
386
322
222
197
116
165
330
161
276
139
199
393
294
213
278
102
152
32
59
321
83
445
171
216
109
514
305
635
157
257
577
256
226
338
147
278
258
72
106
505
300
106
196
129
343
140
107
161
268
52
132
209
224
117
155
183
413
355
468
187
482
255
161
315
235
482
241
100
228
114
204
174
142
462
300
380
179
319
346
148
218
416
220
52
535
169
174
225
207
288
271
231
349
348
244
227
275
358
704
149
185
316
62
259
362
165
421
382
533
411
442
311
230
150
268
346
410
281
441
364
514
351
65
307
277
476
332
255
270
319
101
135
366
252
168
247
279
286
97
400
449
277
328
197
285
298
359
163
134
214
332
159
448
206
350
189
544
70
288
160
341
300
85
161
98
646
209
139
95
313
421
430
535
444
73
327
89
165
266
162
121
132
134
145
218
239
246
419
181
274
128
193
316
177
136
161
101
178
464
417
133
134
112
369
135
427
182
321
243
95
192
305
146
99
518
398
492
168
143
249
313
125
121
282
91
302
168
260
270
299
138
97
78
264
138
326
221
498
396
223
337
160
176
248
147
122
371
280
404
267
221
184
214
314
210
204
313
218
206
327
424
181
332
305
607
48
255
438
559
436
390
298
351
228
161
231
425
318
106
69
379
200
185
215
332
354
302
93
213
184
598
138
173
162
480
453
196
73
294
112
371
248
862
330
256
471
558
205
375
287
465
272
178
286
261
193
177
103
131
130
114
240
338
404
101
522
235
316
455
147
624
103
82
286
457
182
449
188
248
370
348
103
108
88
317
136
460
169
326
377
118
193
81
612
76
370
126
427
323
631
793
479
127
644
237
248
223
166
460
265
296
63
215
88
414
446
45
146
121
243
254
284
184
150
204
84
140
687
318
371
238
206
392
89
56
139
72
180
251
286
178
262
188
428
155
764
65
88
248
225
299
214
221
102
400
175
603
241
180
94
240
82
210
339
370
677
271
198
311
145
171
124
90
258
402
175
360
67
230
122
55
251
191
177
233
423
90
477
209
80
252
507
352
270
410
89
301
201
216
451
165
201
46
278
345
117
82
299
459
284
383
165
487
433
120
464
516
351
164
530
407
106
224
144
337
252
508
362
207
91
96
564
117
291
99
204
411
128
86
167
172
236
836
288
227
749
254
175
323
513
256
114
172
196
260
346
174
289
167
315
44
140
342
307
96
231
201
596
513
174
414
112
206
101
504
127
217
220
143
92
69
189
117
166
159
83
163
142
170
378
442
212
292
174
466
237
105
332
197
174
146
128
366
364
296
197
195
193
129
427
210
657
90
543
423
379
336
261
156
494
101
237
371
284
228
498
370
260
350
488
398
187
334
571
264
118
503
184
81
368
150
108
181
220
358
411
256
392
532
285
545
302
500
322
246
380
331
218
251
264
234
209
174
476
489
449
347
223
161
234
398
220
332
437
449
75
51
381
163
187
431
273
311
119
103
101
145
410
81
345
221
222
317
713
262
814
244
201
157
388
230
360
514
277
145
67
417
450
531
138
109
431
116
285
259
400
201
199
361
210
213
255
127
186
423
45
140
106
59
252
329
232
215
75
46
158
256
181
157
285
121
112
110
104
307
195
178
277
70
237
422
282
255
502
392
182
97
438
189
541
443
328
545
92
319
463
129
311
361
229
419
226
331
175
422
215
368
121
359
67
344
69
174
352
471
482
140
102
227
152
225
171
550
319
212
446
296
323
208
262
104
242
217
210
251
422
242
114
138
161
91
706
187
309
379
218
295
342
70
94
195
216
99
250
317
210
271
298
233
225
114
547
290
307
447
427
149
117
385
76
102
85
359
128
296
165
117
545
92
182
491
187
285
340
386
257
171
395
406
169
519
115
491
145
137
105
147
431
524
570
292
196
320
318
296
93
470
301
260
263
208
147
314
406
109
83
130
254
218
488
311
240
272
105
578
120
58
468
379
95
258
362
154
41
370
378
143
173
206
340
167
288
106
187
352
240
127
207
316
133
416
460
390
244
281
120
246
391
208
141
397
235
346
166
151
107
240
128
378
177
234
69
598
162
146
241
70
184
80
455
140
97
311
315
50
139
442
246
149
239
139
167
165
333
270
99
333
329
179
239
251
343
329
442
199
141
128
163
221
189
297
167
93
361
214
143
204
195
457
198
310
185
285
261
191
165
600
133
309
134
31
151
184
272
532
224
457
488
233
143
117
325
392
212
551
275
441
204
217
321
477
146
175
422
183
93
263
399
168
194
114
255
99
150
322
405
352
149
226
376
153
131
237
298
77
364
270
141
653
147
217
123
96
276
201
771
378
313
193
67
77
144
76
206
373
132
223
164
311
214
410
232
221
292
123
319
451
252
297
411
105
126
524
434
69
592
72
293
220
38
136
171
53
356
350
312
225
298
381
494
213
238
178
174
202
213
106
157
193
153
450
660
154
143
412
204
279
240
230
147
205
172
140
303
369
154
437
177
330
400
174
612
493
249
126
265
140
204
115
143
280
310
163
86
91
143
96
416
352
486
151
77
206
157
292
299
326
70
146
93
165
221
289
423
96
286
523
159
257
212
132
509
181
188
429
331
161
134
316
223
86
172
306
271
333
303
236
332
382
439
629
104
186
122
212
285
189
481
365
266
271
200
116
224
193
258
241
284
112
440
274
305
148
59
577
423
421
218
1028
380
262
115
288
440
252
264
317
135
363
290
230
130
334
296
329
60
161
602
192
101
287
401
458
150
286
253
173
260
192
122
353
193
152
111
383
146
336
306
298
88
149
261
179
132
251
190
388
412
123
149
111
333
401
475
96
294
245
157
292
323
365
687
140
165
289
334
345
359
428
180
144
451
243
79
195
185
327
168
198
189
191
94
289
276
273
91
70
147
308
410
70
542
288
260
358
114
335
495
303
228
79
286
320
173
151
518
164
440
58
119
201
300
375
123
855
322
148
299
240
154
216
375
218
313
308
100
339
125
212
106
573
126
48
73
137
211
219
329
217
722
132
167
496
286
410
230
291
173
141
164
84
144
342
350
246
140
59
196
317
318
128
543
221
324
422
256
497
111
335
459
406
150
178
289
457
208
235
103
195
420
306
381
300
555
108
80
408
230
411
212
259
473
109
169
408
208
327
386
362
238
154
197
431
80
236
474
55
170
342
257
184
464
462
319
431
97
220
167
248
373
193
291
73
290
104
250
231
84
197
221
127
183
61
195
175
75
212
200
256
429
126
319
77
536
276
349
162
160
349
104
294
1115
119
169
436
218
342
212
259
478
198
246
256
75
131
233
528
482
270
401
281
289
451
133
83
259
282
367
191
255
126
221
239
307
92
107
267
106
125
205
106
118
397
135
215
331
299
462
265
285
347
141
113
370
76
204
56
209
206
112
71
191
510
138
235
117
179
191
84
59
82
213
534
397
348
68
101
141
225
267
93
272
157
165
255
383
265
334
119
286
246
313
162
289
406
360
141
83
382
264
364
333
455
47
135
184
200
597
689
606
284
199
328
137
157
881
177
129
132
259
407
440
254
165
206
365
483
98
221
340
125
601
619
133
149
186
208
198
126
444
310
519
268
319
112
134
190
571
420
215
398
352
164
107
61
562
142
257
386
224
140
360
353
381
157
119
174
299
241
209
55
149
393
184
618
307
587
140
583
172
286
113
199
327
447
365
363
259
167
303
684
138
120
175
207
392
703
402
538
325
165
194
541
206
123
417
389
357
116
182
240
185
287
127
387
71
202
509
145
348
291
751
280
265
50
427
259
271
85
532
524
135
232
252
142
255
107
272
209
72
494
130
165
139
369
75
63
129
483
77
330
336
193
110
232
189
99
193
139
143
188
277
347
249
173
320
351
61
196
233
378
210
161
173
132
282
356
423
268
187
261
296
199
601
116
495
111
372
200
65
414
240
464
146
249
179
157
300
141
253
202
192
82
330
165
260
310
450
194
336
229
96
113
170
481
200
444
259
186
201
268
407
305
220
173
509
183
613
188
176
307
318
320
409
554
312
706
159
156
325
138
322
175
420
170
154
225
324
129
352
71
214
117
138
345
127
99
317
524
147
159
127
338
103
350
444
272
210
175
138
367
127
171
427
150
118
975
224
237
368
82
135
209
169
221
309
248
160
373
573
339
350
164
192
351
513
125
253
236
464
242
144
304
182
201
93
328
259
469
89
454
486
236
244
278
383
83
197
268
266
325
171
573
43
119
340
201
402
282
94
133
75
270
459
347
174
395
535
425
236
288
348
45
181
244
190
261
153
205
111
212
460
207
47
115
237
204
69
106
567
204
234
352
429
187
312
439
50
179
430
76
302
186
173
107
233
131
233
212
290
413
353
372
63
283
379
270
221
314
72
48
171
47
138
68
138
249
210
177
167
312
102
256
603
182
324
152
197
410
202
89
317
306
139
125
251
89
211
445
243
214
481
207
301
356
202
134
336
137
252
122
366
308
581
316
375
284
282
251
225
317
480
91
258
318
557
201
127
655
524
315
327
190
192
342
179
267
346
387
184
479
288
159
219
367
268
644
617
228
125
124
294
172
585
263
270
290
243
265
401
176
317
284
496
469
101
293
94
175
233
343
115
114
221
546
244
363
381
213
262
246
162
92
169
370
54
355
113
183
248
591
208
138
133
436
283
115
191
169
802
51
681
214
424
223
494
296
401
311
259
582
140
418
262
164
521
345
90
290
170
171
131
109
174
105
753
220
230
151
527
164
74
236
231
506
172
320
121
116
175
193
225
307
164
240
271
147
292
260
569
250
405
83
204
91
448
221
230
415
134
343
209
541
407
353
171
422
324
357
314
255
227
277
507
394
284
423
190
235
178
148
133
181
159
262
161
153
150
243
283
111
496
162
317
301
261
269
255
461
122
454
903
345
328
54
633
106
272
334
104
324
483
253
153
199
177
79
453
134
448
253
181
129
231
211
171
125
320
268
139
264
155
108
104
301
28
294
257
164
149
211
121
381
199
312
338
126
387
413
226
160
181
319
195
171
262
254
309
217
50
192
446
277
631
308
493
338
169
255
251
345
550
196
257
163
180
82
104
155
255
271
275
245
531
225
249
181
270
225
172
244
471
444
216
370
253
103
480
155
157
297
105
129
226
204
387
230
209
364
161
253
175
240
264
789
284
433
183
104
151
271
279
237
282
194
162
110
83
152
400
324
419
105
261
307
167
131
232
153
305
86
41
389
87
124
386
147
324
229
69
242
107
227
132
165
188
84
148
402
352
313
181
335
162
180
156
168
357
133
312
229
168
357
51
291
300
264
107
116
176
137
303
95
247
168
112
385
56
117
172
111
497
181
163
310
246
298
199
296
170
186
205
258
167
93
321
419
621
299
226
214
332
296
268
101
151
155
490
305
195
199
200
238
278
154
41
449
301
198
299
348
448
258
145
202
516
198
181
299
494
153
325
176
307
445
297
104
213
133
165
340
225
131
271
395
84
130
564
331
228
534
684
234
170
400
310
348
389
321
481
53
94
455
207
265
216
194
156
149
356
190
221
340
132
168
159
241
328
185
362
162
241
1067
325
247
271
153
51
249
230
253
250
118
591
101
212
116
366
181
274
286
173
97
335
66
84
123
262
85
390
116
230
344
508
438
417
418
504
421
88
239
150
136
264
192
135
231
443
244
479
166
255
360
92
413
498
323
151
327
230
570
353
422
260
799
180
81
115
245
292
173
342
285
175
80
184
234
358
289
98
260
195
183
257
95
86
494
891
186
151
137
195
224
144
285
476
133
179
229
212
231
151
198
194
237
288
125
106
184
282
110
147
429
249
147
193
147
239
214
404
264
165
304
106
501
243
396
198
288
249
218
126
122
91
47
176
140
431
521
189
192
160
477
305
224
107
246
361
187
131
252
249
247
232
148
164
137
142
25
119
427
160
384
449
187
234
181
296
90
418
267
250
360
142
307
299
168
78
101
166
174
232
238
417
150
106
589
440
242
283
274
626
131
530
253
315
352
758
300
110
275
338
305
232
244
474
313
188
315
337
131
271
391
447
251
454
227
439
297
476
147
428
280
579
317
115
188
516
72
198
188
232
237
448
136
692
175
175
254
84
373
173
139
271
400
230
106
236
431
133
141
62
407
475
110
150
247
535
503
284
267
251
129
224
163
552
116
367
512
560
88
474
400
274
100
253
253
117
202
170
188
409
287
76
175
87
124
289
133
323
521
265
193
279
185
331
90
94
418
154
106
495
234
81
337
97
482
282
294
202
76
325
492
482
311
240
171
89
557
382
233
462
260
240
396
278
435
285
99
133
120
257
100
91
404
121
106
135
264
85
579
270
256
226
138
380
148
165
452
104
182
230
177
218
198
572
295
144
95
174
388
423
442
245
291
574
223
262
426
202
245
81
164
110
195
295
109
386
173
284
465
253
109
326
193
211
335
183
224
87
98
359
259
426
309
199
112
451
239
232
209
106
349
322
383
302
197
84
127
139
237
328
193
252
413
133
153
342
147
97
240
69
218
553
475
293
71
218
384
164
465
120
368
101
266
432
504
337
192
593
299
119
300
182
252
148
212
60
247
93
111
312
221
174
278
192
91
226
151
165
249
90
327
580
555
222
299
281
293
519
95
186
123
174
212
187
442
277
1165
57
286
254
179
291
412
104
244
316
209
75
192
144
226
288
375
415
149
85
238
421
124
316
400
252
187
301
175
252
244
118
352
142
208
393
164
111
211
978
121
262
299
271
293
126
303
371
535
180
273
290
165
358
272
227
178
236
146
442
382
404
160
72
186
103
415
189
372
112
474
123
96
242
286
174
209
392
311
285
465
148
211
342
257
187
249
515
97
227
416
281
237
496
91
133
192
197
214
203
179
158
316
162
160
543
189
252
386
133
201
241
94
438
183
80
635
572
261
176
285
196
199
103
238
386
158
525
239
155
210
142
184
152
408
107
467
242
86
164
274
308
72
149
526
475
106
233
330
309
139
686
82
107
435
104
346
235
400
251
177
58
185
166
289
352
54
57
388
134
194
554
243
302
42
529
130
565
265
88
479
501
268
68
56
268
348
392
226
72
313
455
86
299
181
192
71
72
427
443
386
462
235
127
236
530
370
217
538
164
310
266
187
244
280
166
60
272
214
221
131
158
525
185
153
509
99
222
153
164
357
138
334
46
309
172
126
200
227
205
150
205
267
88
395
341
560
310
121
215
356
129
435
177
205
468
74
188
162
206
383
391
488
255
85
154
223
57
273
205
533
154
336
332
327
311
296
401
406
245
283
61
111
295
145
556
171
606
485
195
412
265
53
187
359
146
268
268
75
376
150
217
410
87
284
141
64
302
319
637
47
436
438
507
81
398
492
478
340
166
142
132
206
164
213
249
352
787
329
486
452
262
254
451
282
223
261
135
182
84
139
294
175
92
184
267
82
309
220
190
61
177
287
404
84
522
246
566
152
371
296
391
381
191
475
238
208
212
299
608
205
418
204
201
309
522
192
209
289
350
148
322
262
243
277
76
94
165
281
541
675
410
373
290
277
206
425
164
218
262
440
223
47
100
383
183
137
327
230
178
126
187
280
219
516
90
172
84
490
243
150
222
229
47
127
162
247
251
352
173
103
203
292
153
96
282
391
147
193
473
509
490
338
137
480
228
253
280
334
87
566
237
231
153
277
65
570
39
199
97
233
128
183
78
169
50
489
183
409
141
180
179
470
402
348
242
97
234
437
197
503
106
225
435
295
265
304
194
277
560
207
72
162
44
394
581
337
447
237
243
218
130
167
203
409
369
122
407
489
213
469
299
134
154
284
252
259
183
123
165
218
311
136
362
100
680
273
346
237
159
84
290
386
400
152
438
606
138
292
431
222
227
347
353
254
151
279
722
269
177
125
504
252
371
256
321
364
210
200
136
247
268
261
349
158
285
100
251
232
206
168
476
178
242
184
105
543
267
299
339
223
235
250
68
245
92
293
141
302
160
221
167
177
205
239
216
227
477
323
204
258
460
116
180
416
44
68
235
185
244
405
391
134
255
108
246
192
243
218
304
100
253
113
384
59
273
298
534
491
269
145
100
501
175
326
277
227
182
105
119
282
280
105
240
229
702
455
178
387
154
369
337
215
338
203
173
407
226
424
138
465
334
573
104
117
152
358
192
400
376
498
383
138
255
145
216
619
418
238
337
128
132
82
113
193
163
262
94
238
204
174
176
123
302
115
183
441
171
289
365
375
242
237
184
93
107
112
186
151
292
464
227
215
74
162
405
284
366
382
128
195
274
284
501
112
355
368
345
140
414
224
118
345
261
443
563
374
72
309
174
227
253
503
352
105
514
309
268
259
101
191
331
204
70
61
398
194
552
173
265
58
310
212
213
250
277
100
314
356
54
1081
454
368
339
66
399
305
328
127
296
105
152
199
129
319
181
751
86
221
523
147
373
112
469
237
199
116
272
168
216
66
37
266
302
274
155
410
265
201
484
166
136
382
193
181
724
288
211
113
363
149
500
196
202
177
242
164
145
493
236
245
243
510
195
453
166
343
756
129
302
180
240
407
186
233
393
57
286
69
198
345
332
466
227
191
311
84
275
64
199
94
467
493
184
268
78
372
340
262
235
312
233
264
283
200
242
186
228
516
115
213
256
137
210
261
348
383
305
399
180
267
537
211
244
535
269
137
378
75
286
75
245
442
271
282
232
290
251
313
110
117
142
168
317
123
177
216
222
119
442
213
100
93
274
190
250
212
171
178
84
215
479
445
451
75
125
121
219
80
280
250
427
92
295
78
125
65
151
136
145
240
290
146
179
890
423
140
224
162
176
244
305
313
333
283
570
186
301
311
275
284
254
175
247
433
187
230
212
363
144
286
219
442
263
329
519
277
487
339
198
114
182
488
204
160
308
275
135
263
311
178
177
479
168
345
354
157
509
252
254
152
594
115
130
345
216
188
156
211
572
99
69
109
314
385
155
326
330
77
249
214
453
322
102
98
60
465
236
351
405
318
498
124
203
145
176
85
510
319
208
174
328
182
349
36
169
361
262
144
122
258
335
218
172
65
215
124
342
349
465
230
178
539
275
497
159
53
705
165
321
491
82
253
362
57
513
198
250
476
356
109
298
283
236
215
474
170
194
292
267
204
356
226
233
117
668
165
106
209
201
319
190
150
115
52
176
177
105
546
340
387
338
445
346
202
498
188
272
292
345
279
235
198
251
118
129
134
145
65
221
141
147
104
497
157
91
123
444
213
698
124
290
190
343
309
85
217
123
641
396
141
321
245
719
135
376
628
100
205
550
326
351
99
229
256
165
297
235
344
293
246
147
688
228
405
151
835
176
461
114
132
331
152
410
190
123
92
114
140
292
195
217
221
295
215
533
210
332
61
134
822
61
359
84
323
145
86
277
82
163
140
525
102
448
97
424
133
246
228
311
59
390
162
201
103
230
143
343
533
387
80
255
258
249
349
541
188
370
267
175
526
212
436
72
352
210
296
438
352
207
698
194
166
700
106
490
284
350
176
126
151
193
296
188
44
259
182
413
516
212
118
370
166
444
185
407
99
410
370
81
261
46
150
197
71
219
85
142
416
146
487
501
545
104
85
261
296
672
298
105
453
137
446
183
304
226
237
751
136
131
60
70
226
60
205
317
270
110
116
686
182
156
166
432
109
139
132
300
326
316
53
275
267
66
442
78
559
397
221
95
209
106
295
201
525
504
236
251
208
416
219
103
216
143
216
122
460
154
148
164
308
590
690
191
240
156
513
419
246
406
127
197
331
271
205
197
352
367
415
132
133
439
182
331
280
214
220
316
216
195
141
496
133
112
287
94
167
475
92
321
392
363
373
112
120
864
222
90
456
319
213
103
325
174
182
113
979
68
198
191
283
156
182
114
261
642
141
190
157
449
230
236
224
315
342
101
184
403
1009
245
162
58
201
149
306
167
106
272
378
94
168
192
226
230
522
140
158
159
181
175
288
564
144
199
307
113
205
458
280
199
166
403
221
190
249
416
65
541
159
168
239
341
148
277
181
237
238
302
363
333
116
479
324
147
225
146
752
302
405
689
206
324
294
221
463
301
240
201
181
180
180
104
468
273
638
260
241
558
131
377
73
99
226
150
248
246
239
370
128
138
184
178
381
357
423
490
293
274
193
319
195
43
452
32
475
206
248
59
206
195
311
358
78
359
667
122
238
170
130
223
698
593
134
337
98
202
142
224
140
157
323
202
127
272
341
380
130
221
348
165
352
159
104
279
237
347
223
441
432
227
186
152
308
324
101
221
285
134
121
299
476
96
238
103
208
311
47
507
383
69
165
120
256
588
262
189
434
506
187
253
193
114
199
96
212
695
107
290
162
262
141
226
507
45
74
70
221
296
381
78
258
816
516
226
217
157
187
97
440
125
422
333
173
337
80
75
190
182
75
321
43
102
201
124
115
134
190
69
452
90
334
779
389
165
612
187
210
152
108
309
310
158
159
97
190
234
188
80
194
440
99
401
238
132
191
307
206
197
103
408
69
143
305
526
180
389
80
215
161
204
83
235
70
345
60
174
313
397
255
283
79
61
313
554
368
392
713
477
806
108
304
150
387
459
156
710
462
141
216
193
84
213
78
95
78
283
314
201
186
182
208
478
131
160
106
316
355
147
465
210
201
551
224
398
293
80
221
222
202
236
99
146
58
412
159
217
307
237
292
78
181
257
262
167
100
276
45
67
145
384
172
563
517
225
186
243
208
426
69
395
331
438
198
425
107
253
192
432
254
167
233
483
281
311
184
289
161
507
494
331
466
356
125
194
89
170
741
102
266
467
186
406
171
423
161
239
338
251
606
150
406
198
186
454
181
248
247
341
258
101
196
262
79
115
122
297
182
619
401
72
167
374
248
119
299
435
166
308
45
193
453
300
301
342
120
102
727
153
139
208
192
293
106
205
266
242
212
277
110
434
456
107
913
268
137
234
167
212
422
497
221
316
128
259
87
374
78
279
149
103
182
248
373
445
153
215
257
111
95
99
276
495
209
250
345
310
146
53
85
430
155
60
56
172
227
351
389
391
115
255
351
439
318
524
292
185
631
159
40
483
307
66
165
304
258
411
356
123
223
373
255
141
273
524
282
301
318
245
629
97
394
224
173
240
433
321
439
180
188
350
381
142
182
423
124
971
132
712
507
135
335
56
109
80
109
308
194
102
284
312
822
172
535
237
207
453
231
226
709
241
214
208
367
219
496
584
326
400
304
104
276
394
162
226
167
209
379
93
198
286
200
102
151
239
102
265
75
612
139
333
505
663
131
209
303
208
123
291
199
507
90
391
64
519
156
277
249
64
491
173
293
101
280
150
187
373
592
449
330
123
217
235
87
160
272
233
288
333
569
316
277
148
324
115
229
174
200
45
148
204
153
401
165
316
150
268
448
164
316
231
425
181
284
239
214
463
217
252
199
225
319
171
296
806
68
271
245
131
571
159
326
185
414
346
71
352
379
401
164
58
105
379
98
238
282
322
426
330
93
228
330
228
361
202
297
346
243
585
41
208
382
156
256
167
184
203
112
103
366
235
234
171
214
357
78
173
342
222
187
304
184
149
435
280
286
108
85
418
183
273
279
247
203
365
190
570
119
164
299
361
295
597
602
233
221
308
112
199
147
674
229
425
422
99
75
279
467
396
123
377
229
193
258
240
280
619
197
115
200
320
531
206
163
143
187
113
144
421
325
371
414
504
164
50
302
153
218
376
245
222
76
226
138
354
170
377
76
205
334
311
98
198
224
460
392
244
130
538
209
77
331
373
78
194
268
213
88
275
160
174
133
177
184
259
355
674
490
102
310
340
401
214
344
355
257
226
204
186
299
101
175
150
707
361
491
468
268
299
316
376
374
292
248
38
332
174
240
327
333
66
101
243
507
277
225
444
205
317
139
147
279
241
176
347
190
65
236
119
525
88
200
130
289
184
288
268
232
175
93
211
57
205
140
514
343
200
210
272
190
399
724
414
329
228
110
468
319
225
77
525
50
277
182
302
73
333
228
465
172
321
92
63
520
414
154
125
183
135
177
250
178
545
316
113
194
261
318
553
158
372
71
305
130
231
300
245
285
65
215
102
556
347
106
529
145
74
95
164
292
262
245
202
195
173
223
324
309
321
155
430
406
278
221
448
358
217
254
117
231
146
330
62
165
195
470
115
289
638
142
290
361
177
79
222
433
144
669
372
249
96
330
155
614
441
84
475
361
246
291
43
354
255
280
394
218
335
293
192
55
263
468
205
328
209
271
567
189
330
311
152
90
231
49
351
247
103
138
176
294
417
116
288
425
322
258
56
471
165
65
397
416
144
437
218
601
373
121
381
116
134
57
494
118
228
341
87
76
340
440
551
199
169
282
217
350
477
97
329
174
152
181
415
270
329
650
489
438
223
174
629
325
262
122
563
304
314
287
288
302
371
246
449
140
120
602
317
347
161
382
231
276
107
708
154
173
199
131
92
203
611
284
305
602
351
126
313
367
562
188
448
271
440
288
298
256
237
237
330
303
317
394
126
318
389
119
169
186
299
144
199
180
216
345
349
301
127
303
233
197
361
261
449
326
173
333
325
271
158
751
130
86
330
301
73
855
62
175
224
264
286
194
176
519
509
315
471
62
462
326
288
150
145
84
155
326
198
431
60
230
292
205
315
271
379
267
274
361
452
235
214
238
109
319
199
124
206
418
903
145
128
340
383
283
416
539
159
142
393
156
381
305
532
113
432
253
145
143
431
267
188
291
267
170
311
560
117
367
202
101
277
505
124
563
196
544
160
228
145
233
287
393
316
50
319
168
168
99
438
113
312
131
529
163
130
272
77
272
670
302
207
116
379
379
296
231
241
320
269
176
278
153
159
91
126
217
602
433
186
241
317
518
474
101
209
139
490
215
178
488
173
343
332
407
91
468
132
226
193
58
704
212
303
381
373
581
101
312
77
482
353
377
295
290
287
183
523
376
127
99
