407
304
289
163
209
259
257
475
473
516
518
123
123
249
235
394
394
108
107
242
238
385
385
933
923
196
193
321
328
126
132
366
371
143
142
195
196
234
226
229
229
137
137
177
179
101
101
109
120
468
450
131
132
353
342
417
419
129
125
252
249
419
448
135
132
755
736
280
279
94
94
641
638
576
567
496
463
411
419
443
466
403
401
196
196
275
263
453
453
258
257
485
456
148
155
92
85
567
565
364
360
137
134
304
294
152
156
329
320
591
595
238
245
442
442
567
583
255
257
465
480
233
243
140
139
76
74
550
556
248
281
170
163
367
350
346
354
343
352
339
343
48
47
115
115
125
111
287
304
242
245
581
564
415
396
226
229
279
281
357
346
436
436
201
192
209
219
288
286
317
303
88
89
642
642
139
138
381
378
248
249
151
203
282
280
257
266
605
610
215
244
213
214
272
268
652
642
177
179
195
195
104
103
112
106
249
262
194
195
436
461
163
161
191
193
103
102
607
627
554
537
117
117
485
505
148
148
197
200
196
195
76
83
295
294
207
204
94
120
437
417
276
274
235
223
448
469
209
206
141
144
273
273
148
149
90
91
105
106
332
329
192
194
150
155
185
194
162
166
86
90
163
165
130
132
234
229
408
405
97
98
534
567
121
118
553
546
132
133
579
574
250
247
231
229
242
235
398
396
138
138
258
254
432
471
148
146
106
147
182
177
629
621
163
160
296
294
201
198
327
319
94
97
75
76
262
258
212
204
437
437
236
240
76
77
383
350
177
160
167
166
393
410
307
306
828
789
353
368
298
300
313
315
201
201
455
468
408
398
179
182
425
418
320
325
199
198
222
222
298
295
173
171
336
327
588
595
389
385
386
399
206
206
323
323
250
238
664
658
338
340
128
128
123
121
206
202
309
293
413
410
486
488
367
368
249
242
394
398
298
292
290
288
370
369
197
202
103
103
332
338
373
374
318
315
356
356
383
382
148
149
236
231
385
388
416
428
309
314
313
331
351
347
169
169
78
77
550
538
497
426
475
469
313
305
144
142
399
391
243
229
146
147
294
299
154
177
152
146
276
285
93
93
198
191
263
261
315
314
135
134
209
205
235
227
439
463
212
230
42
42
121
117
58
57
123
119
323
323
421
402
394
385
350
342
248
248
332
327
257
257
212
201
195
203
184
179
200
212
169
166
113
113
311
306
272
267
634
654
372
356
103
106
133
133
235
234
211
207
470
483
139
140
193
198
396
385
150
149
76
74
91
92
128
130
464
473
524
528
511
519
170
172
115
116
136
135
237
229
149
138
122
111
313
306
94
88
260
249
500
485
421
419
189
190
383
394
181
182
668
679
157
157
159
157
179
176
204
196
291
290
277
276
222
203
427
422
349
336
266
265
159
157
161
161
373
379
310
309
186
181
80
83
262
257
309
298
358
342
337
314
395
393
470
478
502
518
260
283
242
242
684
672
590
602
353
353
251
253
232
231
228
228
243
236
232
260
159
159
405
415
263
252
73
73
262
254
269
254
106
117
385
396
369
367
574
560
181
194
374
383
152
154
247
247
365
356
254
268
339
341
234
210
296
295
72
71
788
757
155
152
230
224
590
595
468
465
235
235
367
372
120
120
364
348
227
230
394
389
162
162
150
148
374
381
354
348
235
237
110
116
137
140
203
215
259
257
247
243
546
548
105
104
315
313
101
102
463
468
61
62
82
82
709
723
239
242
124
121
250
231
313
282
249
278
412
413
217
217
202
201
135
125
190
196
319
319
125
126
320
314
344
331
139
150
338
336
337
310
72
71
362
357
344
308
177
179
341
345
334
331
234
238
425
399
390
383
305
299
135
135
520
514
199
200
347
347
345
352
317
319
109
110
196
194
567
541
175
186
582
563
194
195
103
101
281
278
211
224
253
259
229
239
212
219
116
113
299
273
198
202
61
62
143
144
220
180
296
309
63
64
223
224
151
135
61
62
89
93
242
242
61
62
89
89
56
56
373
372
247
247
288
286
260
252
156
152
199
198
135
127
287
294
249
256
305
305
459
455
311
312
158
162
635
630
179
179
274
273
199
194
547
534
311
303
273
282
299
314
404
405
218
213
559
543
520
521
110
111
232
221
425
388
131
131
110
111
213
213
507
475
88
88
319
319
101
102
556
551
71
71
563
564
98
97
265
252
221
215
67
67
215
222
78
79
136
136
421
416
258
259
244
234
274
261
172
171
235
236
191
172
73
75
357
357
123
121
164
161
124
127
231
231
357
355
133
137
175
185
222
223
384
410
114
112
312
235
87
85
252
362
210
212
216
218
178
177
331
304
422
421
285
273
200
211
347
1000
61
62
88
89
100
102
331
351
123
123
84
85
305
298
294
294
121
120
111
113
149
105
401
400
367
403
134
132
382
398
177
171
162
161
479
473
196
195
239
239
396
391
118
117
380
385
286
251
733
725
349
346
311
298
193
186
485
480
287
289
131
135
160
159
136
136
217
215
201
199
203
203
295
293
419
408
127
127
284
284
173
172
108
106
215
212
218
208
156
149
342
337
136
136
167
164
47
46
138
141
47
46
374
382
192
188
178
177
289
293
178
179
478
451
303
303
127
125
47
46
127
128
220
211
147
148
114
120
239
239
60
60
150
148
192
198
59
59
164
164
237
234
154
154
116
117
409
396
144
142
154
154
285
286
111
118
410
404
309
261
252
248
74
77
154
151
270
238
239
237
138
145
72
70
123
122
123
122
324
305
63
61
193
192
442
432
324
287
226
238
143
143
234
230
274
276
190
192
176
175
370
363
271
278
125
131
307
307
364
359
191
191
252
251
218
221
509
473
340
343
133
129
283
284
280
278
103
103
116
113
203
203
176
167
368
372
84
84
139
140
254
254
652
644
372
375
176
176
276
277
339
341
87
88
452
437
298
300
189
192
426
428
217
218
300
296
251
255
377
377
197
199
389
383
662
649
491
469
412
420
383
369
190
1000
92
96
327
334
562
551
249
241
196
196
109
109
437
392
215
209
417
382
124
124
425
458
177
179
126
123
301
300
217
219
57
55
895
858
507
513
178
178
415
394
261
384
473
495
242
245
210
217
284
265
137
123
208
218
184
191
379
384
394
376
663
630
249
245
244
248
496
445
145
143
161
160
360
370
235
239
80
79
85
90
368
382
153
184
479
453
116
116
222
222
442
440
489
493
326
321
146
146
302
303
371
368
319
324
92
89
391
391
428
411
148
151
321
319
819
816
281
248
352
341
138
138
257
261
174
174
54
57
412
397
128
128
251
239
269
271
264
265
326
333
212
212
435
424
194
194
324
326
290
306
378
383
485
481
306
313
200
213
278
272
261
266
216
216
249
251
57
57
77
76
517
492
234
240
186
184
154
147
196
196
257
248
451
413
62
63
224
227
126
127
504
471
233
209
631
637
205
204
108
108
699
724
79
80
312
297
221
223
435
431
60
60
278
279
223
222
496
473
57
60
59
60
126
126
273
264
102
103
342
344
422
375
233
233
117
118
161
152
115
115
65
67
123
128
90
92
47
46
103
99
138
141
181
182
515
515
1000
340
241
232
470
475
347
345
133
133
55
48
98
98
110
115
181
180
46
45
134
134
109
104
58
59
304
288
119
77
264
257
153
156
261
263
61
62
249
250
224
225
361
350
374
373
369
371
320
318
338
331
176
125
440
431
340
351
111
110
244
250
117
130
107
104
65
68
364
364
464
477
170
175
279
288
403
418
122
121
292
274
240
242
141
141
147
151
229
248
176
177
309
303
289
286
325
317
149
155
164
162
98
98
242
238
516
515
122
120
168
168
436
425
157
156
132
130
114
101
610
616
543
547
291
286
192
161
128
120
194
196
307
307
112
112
112
95
196
180
209
214
193
194
745
711
489
487
218
211
218
208
388
383
484
474
346
331
342
329
533
554
602
609
243
236
329
338
190
188
213
210
224
219
252
251
358
357
148
159
327
321
322
319
225
223
272
274
223
221
213
213
256
257
698
658
388
375
200
200
140
132
96
96
506
507
207
206
271
282
125
125
203
189
267
252
125
106
174
168
168
162
84
87
140
143
179
179
476
480
352
314
179
177
458
451
237
226
222
216
380
351
127
120
259
239
314
314
93
93
225
224
294
285
453
453
73
73
401
406
629
648
546
540
154
150
259
220
194
185
217
246
336
335
536
574
231
222
448
443
304
304
485
477
116
114
217
215
301
307
222
232
332
341
151
150
399
419
413
416
281
285
357
366
210
220
134
134
365
361
192
185
72
70
105
106
282
299
81
80
238
245
264
260
128
130
340
337
341
340
92
89
139
142
382
382
565
556
276
279
286
286
117
114
521
543
124
123
484
476
830
817
141
144
172
170
297
298
210
190
376
375
604
609
218
219
99
99
148
149
101
102
341
328
584
548
228
249
134
134
320
316
163
187
223
222
309
292
258
251
114
114
154
154
363
349
273
260
193
197
226
223
386
391
424
400
496
491
261
261
357
352
132
135
311
249
353
355
143
139
100
98
317
309
226
223
292
297
393
402
269
291
165
177
385
380
646
629
225
223
285
285
308
303
452
453
224
222
397
397
290
282
573
583
107
110
418
414
155
160
328
346
338
341
249
260
200
200
190
194
346
346
218
218
273
264
370
366
225
249
351
345
330
376
240
241
351
350
400
397
150
150
253
279
136
136
141
137
229
226
129
125
93
97
281
276
280
283
226
243
287
276
241
257
297
290
263
261
64
65
174
171
326
327
364
364
269
283
71
71
319
317
312
330
347
316
288
283
57
56
42
42
174
182
315
375
153
153
225
224
185
193
88
89
158
161
290
292
425
413
411
397
124
124
162
163
286
293
328
312
575
564
107
96
203
207
244
245
477
478
80
77
474
473
202
201
325
314
96
99
235
231
96
100
114
163
173
175
527
487
59
58
188
171
65
67
528
526
258
262
234
233
400
380
59
62
321
346
169
180
192
185
248
234
192
225
196
194
164
176
173
166
275
256
487
479
82
80
513
505
468
469
349
347
155
154
327
332
112
112
434
445
486
486
261
258
140
144
232
230
231
249
199
199
133
139
219
220
148
164
303
305
186
177
63
66
126
123
218
213
308
304
587
568
348
361
341
334
552
528
151
142
377
373
495
449
296
296
385
368
136
138
211
215
76
76
567
551
160
166
84
84
188
185
84
85
162
162
108
109
93
92
91
92
400
402
227
209
215
189
237
239
212
228
179
172
228
230
408
408
87
88
107
103
201
200
282
257
201
199
446
451
111
107
311
314
317
315
327
321
324
324
419
425
117
128
121
119
276
273
264
266
149
148
468
463
338
344
318
319
378
393
351
336
230
239
312
314
192
187
151
145
83
83
235
237
205
199
87
85
127
127
455
468
216
223
185
183
337
316
138
130
284
280
145
144
194
199
287
283
146
149
242
237
167
167
94
93
546
549
379
384
522
498
502
502
167
167
292
291
238
226
564
504
121
121
196
196
181
181
108
125
296
279
337
336
343
349
116
113
421
406
252
245
284
272
102
102
193
182
218
220
180
174
54
57
305
299
47
47
237
237
138
137
208
202
191
190
119
122
406
405
314
309
239
230
324
328
240
239
74
74
270
272
212
198
316
305
110
108
156
156
409
411
321
314
197
210
280
274
325
315
228
222
272
266
208
208
244
221
177
167
249
238
127
124
237
236
69
73
272
269
269
281
358
375
307
304
297
294
143
144
240
223
220
215
185
190
367
384
519
515
235
241
349
344
97
100
161
154
214
215
235
237
321
314
117
118
154
147
154
157
281
276
189
191
229
229
180
179
311
312
353
354
254
247
289
282
370
358
260
251
302
295
64
67
275
259
220
223
257
258
143
152
93
93
313
326
113
117
224
225
135
135
100
99
146
146
176
178
288
345
301
288
555
557
240
234
266
267
60
59
411
400
327
328
99
98
166
172
70
68
447
447
543
516
196
197
246
256
303
310
261
235
205
205
257
251
265
267
477
474
155
154
264
258
197
198
201
196
182
182
487
511
375
373
684
685
234
229
306
310
140
141
583
557
128
131
728
746
284
279
74
74
455
455
294
290
136
134
81
81
91
88
135
136
478
440
549
534
710
685
405
417
461
460
164
165
78
73
317
317
310
271
305
323
272
270
249
267
101
104
262
250
80
78
588
593
285
278
366
367
411
386
298
307
152
146
335
335
286
282
148
154
119
118
212
207
226
224
224
217
291
290
126
127
321
321
220
218
173
175
177
171
134
134
174
175
186
173
82
80
626
642
343
345
116
116
341
311
172
171
134
134
268
274
189
191
297
283
158
187
342
343
148
140
169
171
405
402
352
349
403
405
156
140
301
309
115
115
385
380
276
275
136
130
122
124
296
292
223
245
211
211
435
431
224
215
73
74
286
278
123
116
683
677
306
305
563
540
767
784
310
296
355
371
236
192
188
177
217
217
129
129
330
312
249
249
243
242
231
232
90
89
438
427
402
407
199
199
414
427
486
483
285
286
131
132
604
596
350
349
381
382
356
356
552
560
89
92
436
434
128
127
197
182
448
445
154
154
330
339
149
148
290
286
57
55
279
285
94
94
185
182
312
314
346
352
348
357
320
318
104
103
364
345
205
207
162
161
460
450
201
201
353
353
175
285
187
187
342
327
139
140
208
213
88
88
218
220
358
380
191
181
409
424
207
213
218
220
170
166
187
181
358
346
96
95
296
298
92
97
249
274
326
325
650
654
73
73
88
91
73
73
492
487
85
84
181
181
600
602
145
141
261
257
217
208
80
84
293
287
309
297
270
258
300
296
253
241
175
167
314
310
555
573
607
643
409
407
246
244
79
78
506
518
379
383
173
169
238
249
206
205
394
440
78
78
555
555
301
303
314
296
574
604
280
284
463
445
197
196
543
553
226
227
619
606
188
186
317
315
169
168
108
108
341
344
610
595
467
446
250
276
314
301
193
191
65
66
264
267
324
328
256
247
166
165
414
402
553
559
135
140
260
254
335
338
890
889
245
245
172
171
355
352
271
269
148
147
192
196
390
392
153
159
119
118
265
263
80
84
59
59
224
222
175
166
149
148
324
323
438
426
397
400
204
210
241
238
266
266
99
102
327
335
368
389
229
229
351
348
275
284
305
304
286
290
421
427
328
325
366
367
260
256
134
133
323
315
197
192
287
282
211
214
168
164
147
145
148
127
165
154
156
157
458
468
503
513
309
309
173
175
177
174
256
255
409
405
163
166
268
266
211
208
262
259
152
158
394
387
172
171
193
191
357
343
195
195
165
163
284
285
218
215
193
189
226
235
275
273
92
89
166
285
386
389
525
514
268
269
142
137
382
378
150
156
402
397
82
82
615
611
235
227
159
150
137
137
339
341
111
112
194
199
116
116
180
182
257
257
143
140
132
130
364
364
194
185
168
166
272
263
461
454
238
238
258
249
238
237
77
76
362
363
291
319
159
158
133
137
266
262
179
172
204
205
130
131
258
267
231
226
101
95
293
302
192
198
144
152
234
232
182
187
152
151
259
258
357
335
514
475
120
120
496
493
333
327
378
373
188
188
163
159
256
251
282
286
383
398
190
196
456
460
269
273
293
306
253
271
346
341
375
359
259
270
143
139
250
257
205
197
316
336
160
156
212
211
344
326
289
289
244
244
199
198
169
163
304
283
184
184
208
212
270
272
256
256
238
240
143
145
384
383
204
205
451
470
308
293
189
189
78
80
138
138
170
138
181
185
358
353
337
331
92
93
241
245
290
284
298
300
273
262
234
233
252
257
137
143
330
331
435
418
663
636
441
434
275
274
252
244
275
262
301
300
164
171
200
201
135
135
187
170
258
256
120
119
112
135
329
353
249
259
272
272
248
245
59
62
126
138
357
370
245
243
318
311
155
155
124
126
215
196
295
291
384
376
224
232
291
293
202
205
123
123
252
250
262
259
286
282
375
374
185
183
335
331
185
186
154
153
663
647
233
229
400
405
145
146
328
319
142
144
173
164
254
258
541
535
202
202
263
262
196
207
209
205
229
226
336
319
147
147
173
170
257
252
152
146
403
406
120
122
376
378
155
154
188
192
281
290
116
115
284
281
352
369
240
240
59
59
207
205
516
530
84
85
163
175
455
450
266
263
312
302
200
198
393
389
164
170
192
180
252
247
199
187
122
123
379
377
445
415
88
87
344
337
121
120
109
108
188
190
80
74
75
74
181
182
218
220
403
400
267
272
227
226
178
130
85
86
209
211
134
135
452
444
96
98
297
310
330
332
114
114
526
531
193
193
285
290
462
462
121
120
70
73
181
190
356
341
288
287
320
321
519
518
173
168
703
703
203
196
310
311
242
245
172
172
562
561
272
272
244
242
109
105
237
226
54
56
84
85
103
104
317
302
339
345
132
130
59
59
316
302
75
73
47
46
62
65
110
96
125
122
57
57
54
57
354
339
80
77
239
247
185
190
88
81
193
181
384
377
136
135
344
344
262
256
168
179
143
146
394
397
247
244
536
540
85
86
47
46
119
115
243
242
264
248
115
114
213
214
134
132
475
458
155
162
261
260
262
252
109
108
389
376
156
161
112
108
210
205
574
577
468
437
386
383
441
473
157
157
246
237
334
324
287
287
245
254
1000
428
261
250
286
284
187
187
240
238
155
1000
181
177
188
190
605
604
276
270
238
236
191
189
121
117
62
65
134
139
619
566
224
226
56
50
257
253
199
199
143
144
284
279
185
168
244
229
246
234
187
187
64
67
164
171
89
86
278
263
260
259
115
114
83
83
59
59
189
180
193
195
77
78
54
57
238
230
64
63
304
311
109
112
240
238
135
170
83
87
261
246
458
441
371
371
124
121
217
218
113
107
182
178
206
207
162
169
545
544
126
123
222
197
152
150
298
297
504
504
103
105
91
92
87
96
91
93
102
100
256
257
386
384
272
275
187
184
158
153
239
197
162
161
272
263
257
254
285
285
264
237
152
153
198
216
574
560
81
81
120
118
150
159
202
198
315
333
467
448
552
545
294
295
370
360
235
245
132
133
105
106
172
166
253
277
211
209
109
110
178
164
139
137
321
321
271
239
288
285
194
193
449
448
277
314
337
337
119
118
277
277
210
212
215
213
197
193
205
204
295
291
259
289
292
285
228
227
129
132
197
193
371
386
155
152
344
340
238
239
223
221
346
344
114
115
134
130
329
316
156
153
217
212
329
352
119
117
220
214
260
261
281
284
224
224
412
375
74
72
477
447
163
150
431
428
165
167
82
82
338
369
367
367
1000
562
262
259
184
177
122
121
165
149
47
46
197
194
86
84
216
218
155
156
74
75
76
78
47
46
66
67
50
56
259
263
97
95
325
318
109
110
272
286
195
227
164
165
185
184
179
179
181
182
502
508
373
367
235
217
278
286
608
591
243
255
554
555
342
334
197
195
220
225
172
172
143
141
156
161
271
272
252
221
212
209
273
264
157
155
511
484
147
144
610
607
258
257
161
184
327
313
585
584
301
286
111
107
236
236
330
329
186
192
101
101
250
251
438
459
507
497
149
143
448
448
304
303
370
351
206
210
138
139
257
249
152
149
237
218
546
525
322
317
121
117
114
114
117
116
172
166
98
98
343
327
642
648
403
404
305
304
243
242
222
226
314
313
551
531
263
263
325
310
240
242
537
527
219
219
352
353
99
101
257
259
220
203
468
465
225
228
201
203
219
219
238
241
188
189
367
353
202
196
146
149
244
251
344
358
269
261
345
319
79
73
99
97
46
47
173
170
334
310
159
154
390
395
329
311
190
179
507
498
248
248
137
137
262
261
102
99
520
512
216
222
295
286
202
206
162
162
391
376
264
269
199
202
241
232
54
57
121
120
183
184
196
195
196
222
133
132
437
417
135
131
595
601
383
408
788
789
451
429
287
289
34
35
448
498
195
184
88
88
276
295
131
124
261
248
164
168
363
355
127
128
180
185
442
455
276
254
141
123
108
107
147
148
345
343
85
84
131
124
243
247
509
508
226
228
181
190
373
368
329
324
207
210
201
201
178
184
303
289
104
104
310
307
460
459
365
385
311
298
108
108
287
289
299
304
257
262
362
370
295
295
435
434
378
370
97
95
174
176
315
296
154
155
217
227
297
304
61
62
876
874
632
622
263
263
324
327
335
340
401
397
307
307
151
143
274
270
109
112
216
202
132
136
180
165
299
297
245
257
177
177
161
163
754
731
424
444
617
616
164
163
262
261
232
230
139
138
316
315
346
356
212
183
402
401
192
188
280
270
81
79
315
321
281
281
308
308
396
405
130
122
386
377
242
252
190
194
448
441
262
247
275
282
332
341
95
89
293
299
301
299
210
206
437
453
101
102
320
317
73
72
108
108
207
196
263
260
399
403
260
266
219
218
151
151
384
376
331
324
422
418
376
361
272
267
343
330
303
285
411
413
160
155
237
235
193
198
121
126
320
351
368
368
103
104
190
189
402
392
192
190
178
182
466
436
153
154
73
72
80
83
629
612
523
518
120
116
197
197
120
120
256
253
33
34
121
121
198
192
182
186
278
267
213
186
126
112
327
325
514
490
223
237
237
240
146
144
204
208
25
62
192
182
206
205
200
217
110
107
95
94
517
518
306
307
214
195
247
242
145
146
126
126
278
257
274
259
71
70
118
118
95
97
83
86
126
126
88
84
200
200
332
323
148
146
186
185
126
126
259
257
467
463
135
163
84
85
123
122
178
167
175
179
172
171
429
432
317
333
97
100
170
177
302
296
248
252
284
278
207
199
88
90
175
200
128
131
254
241
374
366
242
218
209
208
460
430
497
474
206
206
80
78
166
157
284
290
202
198
131
129
748
764
290
281
294
322
334
294
181
180
274
273
168
169
231
236
163
163
189
183
270
275
501
487
116
112
205
212
193
190
322
332
315
270
101
100
106
100
352
365
422
376
161
163
64
67
199
