151
145
463
430
172
526
429
254
341
134
99
177
260
168
274
631
438
230
413
194
293
226
287
350
301
382
290
56
767
250
412
173
150
297
83
97
409
618
190
778
633
276
125
181
291
459
253
232
291
432
254
308
156
326
226
226
469
306
269
191
513
130
235
189
215
153
63
98
339
127
357
373
129
170
280
501
138
287
252
326
203
745
85
292
87
56
42
448
254
155
319
242
193
183
308
268
88
350
774
193
183
441
95
162
486
119
458
337
137
300
234
229
215
120
834
310
217
535
269
224
131
1000
112
436
173
363
269
301
306
516
260
163
90
80
175
51
166
293
78
80
185
347
135
427
258
187
69
88
241
413
315
608
425
219
224
228
388
269
231
488
315
523
198
562
321
228
307
210
267
308
432
179
110
169
269
205
310
189
94
75
263
126
186
564
483
766
390
526
428
289
387
189
322
320
198
424
246
293
211
306
191
199
96
280
212
505
204
139
127
91
165
220
595
522
388
919
362
338
334
289
426
219
351
192
394
439
308
486
293
797
180
188
255
324
308
483
243
397
504
262
218
255
254
670
282
145
363
554
147
357
338
246
305
256
189
155
318
300
226
293
324
304
254
225
280
482
287
287
329
391
530
259
318
153
245
160
282
311
79
235
259
176
425
558
254
196
94
300
284
217
99
579
1000
167
441
171
161
199
176
292
189
235
274
186
278
74
218
211
270
161
607
343
146
261
157
179
243
170
320
342
163
164
313
249
455
57
80
265
412
278
321
242
233
408
187
137
433
339
90
254
79
211
144
286
98
270
468
337
98
377
177
383
172
128
150
173
375
199
165
611
237
952
130
120
107
266
178
291
368
114
68
262
152
187
91
82
576
477
43
123
59
124
291
70
270
86
158
163
449
103
622
56
224
77
303
192
364
511
509
377
359
193
178
434
240
165
239
376
620
276
480
338
129
250
134
332
176
131
197
301
135
426
1000
293
238
246
67
127
213
106
330
194
166
135
61
153
371
257
264
298
155
221
309
104
319
382
616
667
108
235
287
286
92
95
410
369
136
374
341
555
194
649
117
287
238
294
274
404
59
164
149
96
155
264
112
231
274
254
176
172
316
410
206
189
105
623
350
523
461
463
138
183
231
93
386
437
328
147
255
43
217
248
177
137
287
274
335
119
143
448
90
87
260
78
402
104
140
96
342
218
389
309
175
716
122
119
313
206
489
287
331
178
368
234
203
234
434
258
444
287
191
442
113
106
421
322
233
119
708
469
424
343
377
356
339
203
207
579
420
386
357
390
171
161
196
378
204
112
670
370
288
144
184
98
331
768
308
443
283
224
248
562
128
324
227
120
449
97
70
372
261
169
130
144
220
483
355
171
124
222
218
71
135
229
368
125
507
400
134
110
99
59
321
151
156
316
86
154
544
403
228
136
113
471
181
429
107
162
144
87
184
216
251
285
629
114
307
227
236
552
422
237
382
294
272
237
372
172
230
184
268
407
448
340
112
84
58
177
707
58
246
637
176
386
292
117
104
344
394
629
164
324
171
218
472
230
290
118
208
168
1000
148
259
332
133
107
306
236
208
146
395
201
200
133
129
120
744
91
292
154
329
235
234
385
269
100
180
81
193
233
407
185
258
230
393
136
339
131
158
597
217
318
277
239
397
770
170
94
197
444
420
81
74
419
182
83
409
71
171
367
84
120
256
161
267
409
467
274
246
128
218
308
245
386
474
414
170
413
317
305
219
333
232
119
198
101
535
104
181
900
184
393
181
146
542
210
279
228
447
322
165
116
67
403
194
221
262
148
217
186
161
203
291
242
279
417
185
114
380
543
191
276
205
460
423
189
404
188
144
165
416
242
117
96
283
162
436
103
436
241
70
189
85
134
209
241
112
177
311
266
458
580
188
216
312
91
245
111
117
343
462
201
173
429
183
355
289
442
691
69
137
340
203
89
152
93
316
169
142
362
382
391
406
205
781
840
709
299
315
162
99
209
244
558
199
119
281
192
297
78
292
102
137
406
133
106
539
371
325
181
372
102
376
238
93
244
75
169
171
202
490
46
142
84
366
240
189
148
263
231
190
69
264
177
98
265
224
53
261
232
304
205
153
477
115
228
432
205
144
450
210
297
308
125
390
171
440
376
822
227
165
271
398
375
86
815
216
341
228
98
271
325
277
325
274
296
71
96
327
257
158
146
342
473
200
400
450
331
97
273
361
345
141
156
282
258
348
101
178
131
250
264
590
230
238
75
236
727
301
139
111
415
441
261
172
104
100
97
522
467
191
96
110
539
92
376
293
243
326
425
228
359
189
486
105
43
542
430
271
97
388
192
154
276
131
316
56
399
408
209
184
200
560
168
416
251
708
370
587
75
196
432
570
118
81
43
99
190
104
241
95
257
198
205
151
755
326
340
83
247
192
775
209
207
136
175
339
285
133
473
256
180
196
112
196
82
190
290
124
592
125
217
428
277
324
144
272
221
168
505
284
348
312
106
264
315
385
77
83
77
398
1000
138
80
98
217
479
150
89
105
446
160
270
262
288
176
209
143
269
457
258
275
487
336
109
105
182
38
119
257
486
119
904
468
285
337
358
166
144
193
99
294
261
186
186
204
161
161
544
129
128
114
286
369
256
207
88
397
197
296
172
37
416
141
310
147
81
232
294
380
156
129
198
103
62
375
119
170
259
417
271
121
241
761
564
293
290
438
522
222
134
147
337
168
424
143
101
195
163
245
341
220
162
431
189
187
132
421
197
73
258
90
321
120
108
273
195
200
176
113
326
365
37
583
422
233
258
682
248
100
240
374
167
326
163
148
727
344
383
227
190
308
231
443
147
151
131
212
593
151
181
189
114
573
347
73
89
286
232
281
195
158
691
264
250
279
141
352
93
142
481
496
417
170
286
217
257
126
189
160
264
561
490
272
245
185
1000
288
291
238
177
392
207
264
77
190
160
305
278
86
267
392
736
315
86
106
258
317
69
178
632
276
298
214
239
317
315
237
230
105
334
208
404
183
257
201
191
211
114
194
114
361
491
282
125
377
61
108
420
61
194
279
406
199
160
835
213
55
185
380
526
387
217
100
126
128
290
180
492
59
51
111
119
157
392
142
354
208
354
117
479
225
161
195
404
498
95
357
289
147
278
167
382
338
449
318
132
248
130
390
385
182
425
265
461
279
140
372
446
366
318
120
363
302
385
232
562
242
244
88
89
381
230
162
205
117
107
522
263
134
310
392
265
349
103
251
529
480
104
229
69
100
824
339
413
190
369
88
155
225
392
109
82
430
293
798
239
338
211
329
355
311
236
378
220
273
287
455
290
176
177
233
377
262
309
126
763
144
114
295
158
220
137
527
268
359
122
156
121
363
429
151
289
232
296
150
154
343
230
213
136
141
285
341
188
235
455
177
277
105
268
66
331
105
571
255
191
358
288
373
288
360
349
125
124
194
222
82
180
223
136
53
766
113
171
227
113
243
203
402
293
350
498
52
433
471
244
375
126
130
222
425
63
367
268
360
64
193
383
328
164
295
178
240
239
153
334
189
219
161
104
369
199
138
204
218
315
166
259
116
175
817
357
119
256
87
150
755
109
205
243
289
115
50
207
329
384
181
82
50
248
211
173
133
80
201
627
230
172
272
205
492
154
151
147
183
474
329
201
331
254
359
326
825
183
94
184
62
261
397
257
721
447
174
241
515
584
159
207
144
392
408
130
225
275
224
116
185
75
323
144
202
357
154
140
155
149
294
79
353
94
619
374
180
161
177
149
164
447
105
288
235
121
160
136
115
118
223
282
266
336
233
381
109
109
526
850
260
349
186
238
332
483
252
251
340
162
310
283
443
163
225
107
167
97
71
174
251
195
127
290
244
218
286
309
99
95
117
249
225
136
102
172
418
406
315
729
120
195
344
290
136
108
181
428
103
217
103
501
385
393
313
107
135
117
196
310
260
577
677
120
295
219
177
307
210
227
511
352
412
161
306
166
111
305
213
260
178
332
102
339
117
315
134
108
198
248
276
91
194
133
154
224
146
189
512
511
338
218
547
248
96
247
371
159
180
273
173
175
171
159
128
165
212
406
134
248
211
287
342
176
160
373
412
623
88
397
157
250
542
411
526
338
176
154
183
466
233
190
141
69
292
718
84
157
140
226
379
144
695
481
649
134
137
175
215
234
77
150
469
62
276
94
275
234
130
131
559
458
196
533
191
240
240
403
142
408
257
212
94
69
82
185
275
246
53
193
116
129
185
395
96
94
218
208
332
193
406
245
703
92
121
56
126
112
314
56
141
511
163
280
122
285
351
186
336
575
167
101
175
452
211
71
318
308
156
237
133
306
234
145
317
299
233
889
678
364
112
251
642
419
276
84
348
111
276
218
277
339
77
188
120
259
494
193
411
461
52
43
310
385
303
64
338
228
103
202
312
104
51
585
229
131
415
286
486
120
183
398
271
258
72
127
308
252
129
154
236
1000
465
114
211
240
368
53
170
236
413
85
343
151
102
567
252
260
432
125
410
227
259
129
106
353
101
406
117
277
426
177
181
303
226
544
214
65
81
224
174
349
81
208
185
91
173
207
162
300
408
233
236
146
607
408
306
151
491
275
186
190
65
647
498
370
116
205
592
117
240
261
375
309
293
113
159
104
445
254
151
209
207
359
545
135
246
265
257
91
455
329
43
233
116
92
319
225
314
421
194
247
175
115
374
195
302
217
257
134
431
379
146
197
160
210
172
347
324
110
137
434
200
433
711
128
220
147
146
101
447
201
149
75
421
239
248
200
449
169
116
342
291
374
186
304
519
516
132
251
202
212
92
125
313
147
202
174
275
176
87
220
305
265
67
273
270
344
98
532
142
315
318
108
254
287
258
98
166
167
358
85
626
174
268
345
195
181
299
238
395
374
250
129
241
169
146
61
414
191
170
520
164
327
252
172
140
186
106
149
387
340
333
97
380
241
401
341
123
490
183
250
296
117
210
115
121
322
451
483
60
126
135
118
260
404
85
274
193
308
198
173
144
144
249
226
319
352
215
135
273
265
444
243
81
833
188
72
301
286
151
522
298
270
154
295
204
316
286
285
141
243
100
223
322
336
104
180
284
394
718
298
165
165
241
316
232
123
187
194
96
236
151
126
93
294
530
68
296
183
147
80
146
142
83
257
518
193
90
235
62
112
566
338
309
244
369
187
269
163
222
257
266
163
267
169
465
222
365
131
224
270
43
195
57
111
385
118
162
72
181
61
393
467
254
128
82
287
201
247
269
237
186
125
204
561
187
109
162
266
161
253
796
164
288
372
130
193
340
85
161
160
116
123
84
330
633
482
653
155
273
145
291
77
508
168
344
54
241
225
143
96
201
147
256
258
405
229
85
117
413
61
247
123
119
219
408
142
467
104
206
76
173
211
287
149
160
226
259
85
94
166
338
392
206
158
578
88
650
103
179
399
395
99
479
680
141
356
349
277
307
698
121
301
92
339
206
148
383
149
238
850
315
411
216
688
436
329
126
482
395
188
225
115
118
116
123
82
416
221
198
787
215
133
93
368
153
291
114
141
195
162
43
84
865
240
111
102
233
316
135
106
218
244
399
288
136
105
457
134
351
84
853
143
229
151
305
70
428
172
362
146
312
320
121
223
164
252
221
147
297
236
407
107
114
376
96
356
340
267
240
266
316
139
222
174
218
179
499
178
708
352
81
345
165
528
363
270
663
406
218
258
211
170
465
308
361
208
234
193
529
342
167
160
181
343
158
191
298
211
72
256
667
441
141
211
300
85
126
216
409
468
209
582
644
351
353
66
433
554
398
439
376
326
101
480
80
397
79
444
115
769
234
132
223
321
297
338
516
133
188
359
239
320
414
224
269
456
201
126
219
322
656
100
144
235
205
142
156
141
244
288
160
143
276
178
61
341
382
291
221
95
201
119
607
271
226
322
386
108
141
85
90
501
165
125
107
214
103
104
174
412
165
208
470
395
414
112
279
465
188
234
115
105
101
316
290
141
276
252
85
173
241
70
133
160
286
306
274
112
313
144
313
321
61
257
240
180
227
272
667
178
190
135
148
142
635
302
121
87
105
275
192
218
343
109
395
121
210
158
326
142
229
232
157
98
186
109
142
271
151
146
119
81
350
514
230
230
303
281
398
278
358
256
171
527
521
352
290
244
290
365
589
173
306
551
319
204
111
559
242
235
350
240
168
104
316
111
324
364
126
287
103
151
158
315
383
527
531
189
461
225
292
397
244
167
87
422
129
288
516
196
110
584
185
208
123
53
59
151
194
453
200
357
363
205
180
334
544
84
185
166
143
152
100
372
261
79
101
395
279
344
464
127
103
193
139
165
105
165
225
499
116
350
364
439
347
280
65
106
377
421
300
204
167
244
578
330
199
73
275
465
222
254
316
76
65
133
360
167
239
95
315
142
399
83
203
225
195
206
252
217
308
391
192
264
190
420
114
345
216
107
460
209
86
274
498
118
335
225
282
169
254
70
141
61
603
669
245
183
378
229
187
151
173
73
247
667
429
384
420
251
237
245
114
353
267
271
111
464
290
135
216
319
186
87
55
95
598
185
376
333
186
429
595
317
277
117
279
176
269
113
297
315
280
120
242
81
161
121
196
228
401
135
327
294
157
111
191
186
254
252
472
261
264
288
160
305
196
156
759
748
336
86
496
342
120
334
146
295
332
254
62
184
252
73
132
205
233
336
293
207
302
246
326
128
266
262
178
540
255
247
124
211
576
226
199
368
88
220
153
99
184
57
223
87
446
532
145
322
166
348
80
145
60
251
304
349
158
114
105
422
224
456
213
253
607
163
473
211
389
341
485
561
174
203
188
456
94
214
189
107
180
287
245
362
312
344
273
156
423
308
97
268
134
423
294
51
89
339
344
96
524
324
370
372
191
57
200
177
240
361
500
593
97
355
326
224
96
134
146
126
258
92
155
256
681
199
196
226
71
155
376
182
253
217
108
428
247
329
361
222
458
304
214
242
134
115
396
655
286
623
165
391
365
156
159
211
87
360
456
224
165
235
297
127
432
276
260
361
417
370
281
233
239
126
185
99
297
202
220
267
433
321
269
420
503
313
85
158
41
227
140
240
158
347
121
196
365
159
189
202
529
345
269
502
206
382
96
349
271
94
188
94
59
159
487
213
105
234
342
440
217
304
90
122
186
217
93
123
291
525
293
73
763
441
120
96
196
600
556
248
121
87
253
104
571
129
188
177
305
156
318
294
172
237
401
261
121
252
415
118
298
395
68
380
264
217
237
177
570
156
114
238
333
121
215
369
298
81
151
475
98
86
630
195
458
123
248
245
355
268
126
309
230
269
172
211
275
163
148
149
223
256
363
199
429
210
192
167
250
98
283
242
248
168
98
214
178
230
206
121
164
188
300
91
202
154
153
85
143
451
80
360
264
559
238
79
79
410
337
469
321
129
157
240
570
239
79
198
225
80
292
386
475
542
435
481
201
261
334
171
269
271
370
126
53
336
188
282
340
382
182
120
353
111
484
425
101
322
262
324
121
604
247
260
528
483
56
158
71
306
85
333
177
196
201
299
220
308
716
310
356
522
305
212
172
182
427
116
322
159
570
307
53
327
170
154
127
176
204
153
86
168
195
177
247
55
194
294
161
212
326
169
539
195
86
104
179
235
91
112
188
95
1000
172
374
92
657
452
112
347
143
95
315
212
109
147
62
189
322
162
262
138
343
145
229
417
293
145
357
228
126
580
284
239
120
104
237
277
247
152
233
386
217
147
498
83
129
254
438
632
158
203
185
607
186
100
53
136
128
495
197
97
61
114
369
236
81
98
500
370
218
123
520
138
161
137
134
317
366
1000
261
246
248
169
265
422
152
410
231
136
258
111
197
136
185
118
201
79
353
61
611
116
205
291
284
185
189
621
558
316
151
334
98
227
206
284
863
107
361
78
604
1000
492
345
576
119
210
59
249
142
365
173
169
319
117
405
150
304
144
181
304
274
98
144
194
327
159
189
243
206
455
192
188
116
178
89
363
363
170
170
188
150
86
293
398
75
307
225
183
200
323
90
474
378
553
680
618
208
400
970
65
306
141
168
136
113
309
474
423
457
662
282
185
326
423
79
253
199
277
86
132
206
201
133
340
345
126
127
528
81
341
132
174
355
202
208
125
236
108
75
100
148
439
296
288
234
236
364
256
126
123
212
250
147
133
215
547
205
150
369
158
385
52
458
204
243
298
336
272
633
202
151
263
262
244
163
310
224
474
140
304
328
277
173
374
316
172
225
305
140
97
201
96
162
373
308
148
250
289
160
266
427
172
106
109
53
250
591
405
210
560
392
342
87
200
282
144
273
210
240
308
345
51
353
145
228
564
347
258
195
51
161
906
347
210
322
286
86
1000
319
76
129
215
135
313
267
172
430
193
253
97
126
489
447
197
329
131
327
367
111
269
75
143
212
380
362
356
276
565
292
248
340
299
275
239
235
384
41
408
233
148
235
182
321
257
611
331
388
53
194
434
628
86
140
479
171
335
153
327
478
180
241
306
347
387
457
444
51
185
317
154
277
211
290
337
118
362
287
298
326
212
101
374
126
109
235
70
292
60
46
364
349
486
155
147
374
204
364
208
162
320
118
260
461
323
192
114
135
288
625
75
135
134
263
188
328
272
128
177
452
458
128
158
200
332
247
279
291
85
326
196
313
669
231
191
145
224
219
117
234
282
113
141
155
421
205
333
134
240
256
117
174
314
191
309
329
216
175
240
291
85
98
146
150
210
361
184
116
761
219
362
396
121
125
244
678
161
608
581
287
146
137
98
274
247
321
67
329
326
99
106
180
556
244
392
818
118
163
289
382
248
490
205
458
972
95
166
366
524
252
57
116
296
114
349
124
110
145
210
85
295
238
102
203
209
307
139
292
268
165
283
272
121
133
358
219
201
205
118
564
156
136
337
342
364
136
315
134
41
43
203
133
149
169
167
367
484
85
301
77
139
79
289
141
408
109
462
326
108
177
176
181
113
115
264
468
267
424
83
137
158
283
252
342
60
56
565
253
106
80
334
256
500
38
84
100
120
458
176
168
283
322
262
99
333
156
160
154
631
107
291
207
381
223
606
226
307
544
214
100
269
474
242
222
265
113
164
221
188
138
433
61
282
434
177
239
170
216
401
254
327
92
258
431
185
170
61
134
211
272
201
101
273
122
263
151
325
365
212
184
217
71
518
297
212
227
197
373
83
245
529
695
392
283
481
191
212
103
556
122
272
95
238
236
196
207
151
174
135
152
108
501
254
238
237
245
136
250
151
235
431
209
391
173
290
454
573
171
128
263
127
207
266
235
524
322
504
157
105
942
239
217
301
111
140
352
332
244
634
183
102
88
208
181
466
202
53
122
199
292
114
159
378
251
433
104
348
274
202
78
177
364
172
51
368
147
216
927
150
121
111
197
61
332
375
282
540
428
67
42
499
209
166
173
65
181
358
208
61
83
172
324
186
283
285
231
258
322
375
462
303
426
121
452
543
175
172
519
82
220
146
178
331
312
114
283
193
158
135
65
271
124
426
438
289
391
279
55
141
223
283
254
267
357
419
285
202
343
185
262
436
103
102
242
419
119
193
267
139
89
111
363
168
423
101
200
167
295
127
371
184
420
340
182
203
292
133
391
143
306
457
313
449
808
288
144
145
132
585
338
463
344
489
432
218
146
217
427
555
199
252
219
186
356
457
89
282
127
165
180
221
185
175
104
248
373
161
87
157
93
152
82
172
232
124
81
85
234
122
232
231
372
156
107
176
78
431
110
326
161
677
163
297
168
325
348
147
403
94
217
112
465
226
142
463
89
224
157
412
376
241
429
278
172
82
228
192
290
191
77
97
299
360
175
202
260
483
208
954
197
161
352
454
195
298
279
254
670
285
367
706
91
94
136
276
604
59
418
127
275
264
180
649
86
433
128
329
300
240
70
460
272
60
228
289
109
114
236
276
77
402
245
239
150
183
277
306
193
308
534
418
189
341
298
327
486
238
201
310
160
116
172
100
303
117
493
53
456
211
337
269
221
158
289
326
182
257
511
273
168
276
121
139
286
164
299
179
396
259
411
77
382
518
322
238
56
249
547
75
297
145
263
283
75
173
44
316
264
227
242
334
144
1000
192
203
318
205
305
203
270
146
283
180
97
87
305
265
218
154
203
120
306
95
87
276
127
104
307
476
392
200
105
109
204
190
172
124
74
99
272
341
368
544
303
344
223
111
367
135
331
88
215
368
179
177
433
258
277
187
444
144
492
51
281
218
318
160
278
118
319
135
338
115
225
512
123
335
409
164
318
266
293
362
336
405
176
410
59
126
481
210
141
416
407
176
162
188
282
233
332
231
213
200
390
279
290
166
267
307
107
168
520
82
300
308
331
243
356
415
84
78
202
364
371
116
283
54
576
412
295
248
396
648
83
95
361
326
70
194
62
401
234
140
316
599
98
221
298
584
546
115
302
131
140
318
64
365
235
203
189
189
184
428
611
197
256
223
486
503
186
297
343
255
620
208
492
86
146
276
246
510
220
125
209
342
143
269
179
318
74
178
232
479
275
313
582
63
126
169
161
336
374
191
159
143
373
494
223
107
164
84
205
345
136
244
193
86
391
284
454
188
360
103
88
170
178
172
193
310
94
263
117
255
136
411
88
197
154
350
232
199
313
512
212
232
143
226
678
70
253
96
236
176
230
172
307
384
119
152
449
104
269
372
74
374
241
570
589
205
165
46
203
99
294
336
150
228
121
311
246
189
123
314
123
284
160
479
159
217
410
402
253
364
134
609
326
70
116
154
169
353
291
190
285
186
285
176
243
204
532
300
277
294
210
83
207
379
293
205
105
150
261
267
286
750
219
180
451
168
200
256
135
624
254
292
428
159
138
334
327
313
112
290
301
57
289
94
874
95
87
155
401
165
278
268
110
240
455
127
258
81
165
231
133
291
76
359
554
231
530
381
236
452
100
160
137
142
162
1000
212
127
324
619
132
345
891
131
446
142
194
172
463
175
393
221
196
449
58
364
182
261
251
407
728
408
553
154
525
237
300
245
510
326
215
179
426
382
291
310
332
84
149
145
143
259
205
226
329
89
71
358
143
232
302
862
169
306
254
227
165
176
315
289
91
432
470
387
141
137
175
161
96
370
103
163
85
291
131
297
225
291
202
222
43
289
85
342
218
161
127
485
411
86
218
215
327
45
75
147
285
397
229
219
172
300
284
190
43
175
181
165
252
271
223
73
492
171
410
178
288
129
234
118
169
182
127
83
120
263
46
145
423
579
257
231
206
219
223
308
156
172
78
198
258
249
521
337
219
184
252
107
226
152
149
534
397
484
286
196
234
343
242
1000
191
444
257
208
156
302
142
306
209
428
369
161
442
202
250
233
106
421
72
305
213
211
123
118
119
405
183
162
166
89
106
177
234
473
292
316
174
170
183
154
135
161
689
179
71
180
288
472
134
147
320
251
188
389
491
198
117
320
152
109
254
426
181
679
213
678
149
327
227
250
132
318
357
301
189
381
426
326
319
521
220
149
637
259
201
214
94
239
272
312
262
224
456
89
574
88
83
50
254
614
86
195
430
396
94
310
180
164
111
72
321
176
232
410
241
314
165
102
123
608
94
134
189
75
269
137
127
457
399
766
144
294
275
118
197
295
267
78
315
278
314
424
221
374
135
182
208
59
103
117
247
151
118
119
237
103
512
233
126
185
221
278
226
179
334
243
91
137
456
378
377
207
287
164
127
206
485
143
82
135
347
402
258
328
116
256
267
347
508
101
225
379
117
130
149
269
419
134
382
366
205
353
392
383
229
250
224
95
174
142
98
441
216
233
184
467
146
403
168
451
143
164
361
142
110
272
197
460
278
304
162
128
167
135
200
217
284
272
347
90
498
179
401
328
181
293
317
419
268
295
597
176
53
191
160
261
375
164
357
253
183
320
419
182
213
629
361
275
136
122
251
55
336
147
104
100
234
128
236
264
149
251
187
255
152
197
76
82
139
106
641
306
287
134
274
111
157
573
212
372
537
265
214
282
215
82
179
166
188
185
331
218
241
323
342
181
145
376
238
177
206
445
259
121
118
146
815
481
202
236
278
131
446
320
126
85
227
329
452
416
92
211
322
474
377
358
234
152
193
323
226
495
318
362
241
229
187
64
135
150
165
300
536
299
487
163
325
371
246
305
240
222
271
230
273
227
326
141
240
369
287
113
162
110
90
237
272
104
214
245
100
472
202
99
198
554
317
284
361
325
451
205
325
330
132
400
372
469
211
106
289
126
163
336
207
200
85
423
93
194
135
210
276
258
183
399
76
651
250
711
414
284
333
775
245
205
417
439
215
82
403
218
173
170
225
133
276
84
306
222
416
605
331
186
350
68
101
330
189
174
641
163
239
288
183
281
141
218
163
162
266
419
352
82
236
216
45
293
445
68
539
46
327
465
404
222
197
346
185
127
322
257
110
354
903
130
133
258
185
185
127
259
311
110
178
123
274
429
165
152
447
238
460
157
190
118
404
221
173
473
223
380
303
121
100
195
234
366
737
704
274
347
112
273
239
160
77
295
163
338
223
616
545
228
196
270
101
97
162
149
135
234
353
370
222
159
387
239
62
126
213
228
165
119
215
72
494
285
115
228
286
173
441
278
176
111
155
157
249
556
111
218
86
230
268
600
760
125
171
269
242
386
52
53
166
354
169
136
278
295
290
201
248
120
426
112
151
603
345
102
671
178
253
178
330
269
330
474
126
359
104
402
431
290
374
92
299
61
203
337
239
102
481
108
229
678
119
249
320
432
332
807
305
176
317
94
208
623
210
110
114
413
204
163
211
402
310
424
248
234
204
201
485
316
247
374
232
149
103
126
570
174
195
309
78
157
207
236
59
151
221
53
286
137
365
160
241
81
163
175
381
182
175
216
340
386
134
217
179
498
97
78
279
421
185
317
188
180
310
94
161
258
186
377
163
261
258
263
337
56
154
209
59
139
154
527
372
114
240
230
260
99
247
67
177
335
83
125
316
420
142
345
206
293
114
78
117
154
215
266
255
242
70
129
443
350
371
55
630
363
625
179
290
531
339
433
205
253
194
767
435
349
294
202
298
154
185
166
341
263
124
270
120
447
327
459
297
580
698
226
248
442
133
364
64
157
208
401
364
210
54
326
161
196
177
541
185
207
302
131
413
48
387
144
80
151
393
487
390
222
241
543
184
393
230
283
437
325
154
98
163
174
124
59
173
557
170
161
246
208
180
96
460
244
224
365
174
199
280
143
437
182
381
38
249
142
226
158
491
297
218
225
453
474
306
410
129
239
184
191
263
262
65
80
464
278
186
136
246
531
189
439
258
511
169
290
157
638
243
165
375
453
333
234
294
358
179
297
196
97
307
343
178
152
256
334
493
137
362
248
91
259
164
236
198
95
139
541
241
170
126
176
602
72
237
363
332
165
117
184
405
192
506
227
493
89
82
385
160
86
181
138
346
142
126
242
286
479
252
192
271
221
440
95
306
129
90
465
235
225
293
177
387
155
167
157
585
190
368
335
154
332
469
158
373
181
128
237
486
191
119
105
527
615
81
141
290
263
325
41
270
278
331
180
453
337
116
170
921
246
139
631
50
378
470
131
91
266
233
178
160
203
394
279
251
272
192
408
520
464
280
77
201
137
74
351
124
125
316
135
321
76
520
383
186
322
125
366
277
187
293
152
426
132
348
262
193
527
125
186
297
376
195
347
127
104
221
358
152
1000
159
104
274
444
107
93
108
204
181
174
484
233
431
625
180
441
296
299
220
621
60
247
323
265
51
229
262
387
464
355
174
65
314
98
551
253
161
141
223
114
338
488
470
188
175
144
215
246
75
248
268
131
143
107
431
83
273
782
284
98
496
153
595
95
172
114
416
427
479
441
192
161
661
56
104
542
351
418
295
124
184
148
234
166
228
190
112
133
244
112
289
622
135
74
277
181
511
230
323
62
352
394
183
94
232
257
675
215
202
319
135
151
149
290
428
325
616
317
211
204
242
391
324
132
68
269
324
150
760
194
197
444
175
196
164
349
212
234
144
114
115
86
312
216
141
105
112
272
259
661
254
61
456
375
65
101
394
147
359
138
229
431
181
334
127
150
339
74
197
529
377
80
258
236
80
490
266
265
127
121
209
360
242
57
937
389
282
171
348
133
288
747
253
259
427
241
385
119
79
60
245
65
134
280
456
399
242
374
118
115
243
231
89
192
226
281
106
125
130
375
323
340
231
410
48
94
258
268
330
338
324
263
62
134
405
193
315
315
157
137
411
112
195
310
140
226
230
265
96
511
265
603
356
941
182
268
248
257
192
96
409
298
149
117
113
144
332
197
319
312
281
69
161
252
152
96
190
299
311
208
311
520
297
182
298
51
233
183
523
346
335
326
116
154
302
396
358
453
200
310
328
129
179
270
296
391
102
62
57
171
456
140
265
247
156
264
213
223
173
198
240
138
240
204
137
304
201
126
81
135
219
198
150
89
292
325
119
178
107
379
650
346
480
76
177
297
117
170
162
108
165
300
181
153
846
383
155
104
309
83
285
220
291
213
266
138
206
454
512
186
185
240
90
440
183
162
559
105
355
258
263
236
212
91
123
85
140
335
469
277
312
72
435
293
118
74
57
61
428
573
167
433
804
491
251
511
124
507
588
480
366
152
114
287
324
266
364
187
261
148
55
275
153
199
112
138
127
223
68
427
165
516
423
479
195
435
120
247
611
275
163
164
88
453
245
193
379
265
149
224
158
136
150
262
352
431
195
168
395
232
290
127
428
403
71
222
307
254
216
560
212
148
143
200
137
568
193
290
155
182
78
51
76
226
136
273
396
234
101
389
281
145
176
186
216
278
83
90
372
64
798
365
358
408
255
384
205
311
386
380
410
190
463
101
144
302
683
639
98
238
486
157
171
337
296
213
414
162
266
91
458
202
189
163
233
120
354
90
84
565
446
200
719
111
396
255
278
189
541
136
294
322
155
118
303
294
182
102
56
110
185
602
284
123
374
386
175
340
181
116
274
124
355
230
181
307
211
240
153
102
208
93
178
407
99
392
321
476
400
508
234
333
252
148
69
227
148
276
173
553
338
186
275
232
156
206
163
285
375
465
212
258
119
137
143
451
186
163
284
303
171
571
120
259
176
409
236
207
234
794
265
476
522
582
76
145
261
616
73
95
537
136
228
117
77
182
149
193
117
133
551
370
492
385
179
191
375
276
307
391
226
120
456
264
308
177
163
269
103
50
288
107
119
85
375
253
157
119
170
38
208
532
226
283
355
422
156
238
238
197
276
189
307
48
240
433
240
278
349
236
143
236
56
236
282
310
396
296
547
290
80
141
324
212
118
615
185
59
201
234
137
302
597
56
99
401
139
88
71
171
154
151
107
431
130
216
158
192
193
232
388
133
190
281
179
152
208
259
207
129
440
193
103
53
216
88
445
205
269
193
123
233
363
389
253
86
216
149
117
410
137
195
180
127
398
138
274
166
276
446
202
290
221
165
146
319
225
248
354
205
566
742
190
225
185
154
300
463
182
488
419
123
205
118
321
322
190
174
117
152
335
164
281
121
193
351
337
220
290
110
152
50
65
294
87
566
187
201
102
718
356
621
136
282
508
206
217
310
145
229
260
94
116
532
251
114
175
124
339
134
109
175
269
45
95
216
193
95
179
265
429
335
506
183
561
238
155
330
238
410
206
101
231
109
158
191
108
424
309
379
190
332
360
146
243
316
250
128
668
171
163
208
176
271
304
192
333
354
304
273
321
328
623
153
306
356
59
232
379
180
367
466
492
418
408
338
183
177
226
352
393
255
466
350
629
387
56
268
293
570
323
210
250
462
97
138
369
316
240
246
241
285
73
440
421
241
325
207
237
287
410
162
165
196
423
167
397
181
379
202
592
67
252
181
317
324
69
111
101
562
279
129
89
308
341
456
577
377
59
299
95
149
226
140
101
149
137
116
232
231
232
422
306
279
131
209
278
182
120
104
102
174
452
406
143
127
103
369
136
370
152
313
261
83
219
295
200
112
482
305
579
175
140
221
271
113
109
277
85
293
198
288
220
241
123
107
85
338
127
321
254
503
359
281
328
181
206
273
140
129
311
290
408
216
208
186
216
382
171
161
296
208
188
284
389
201
367
267
648
69
274
401
491
377
373
286
310
197
179
205
337
252
132
97
343
208
185
190
314
408
309
92
181
156
464
123
166
224
432
454
168
86
365
100
332
220
1000
308
276
407
575
170
411
273
414
286
134
253
294
193
165
78
95
141
119
206
360
405
78
572
261
289
374
173
578
105
73
325
392
169
429
146
269
399
322
121
105
89
315
138
493
160
288
430
131
184
114
599
125
374
103
494
298
609
784
449
113
1000
250
278
294
171
379
282
261
56
220
94
348
487
51
126
143
244
294
273
151
167
209
80
129
717
242
353
210
165
378
87
54
123
79
166
281
275
194
318
189
409
141
872
68
87
213
250
252
231
232
118
424
168
459
205
175
80
225
74
213
326
346
811
269
202
335
165
146
140
96
232
358
148
321
71
243
116
60
247
191
184
270
425
99
419
169
75
233
482
302
276
425
86
299
182
211
532
154
141
43
297
315
108
71
268
423
260
376
163
701
356
104
493
552
410
146
575
367
113
233
158
314
274
490
316
181
72
69
644
115
240
91
231
449
128
80
182
180
203
901
286
222
1000
240
152
307
418
291
116
179
202
295
317
177
289
181
385
43
164
306
252
90
196
188
639
491
153
314
127
203
90
550
120
241
284
135
85
52
179
113
158
151
78
160
123
159
471
394
190
356
189
479
228
84
282
194
159
167
105
519
494
240
188
176
274
121
401
238
580
94
488
374
354
312
230
175
512
94
262
372
229
301
553
340
230
416
397
394
187
376
632
216
104
632
207
86
331
142
104
153
222
320
397
249
374
434
229
613
313
490
391
240
339
273
293
281
244
286
201
154
429
473
447
336
215
169
211
378
168
290
374
407
61
41
337
159
200
586
230
330
105
107
96
140
366
86
332
202
214
293
1000
330
731
211
173
145
371
225
365
541
249
126
72
366
391
475
128
119
405
152
244
241
378
175
185
326
214
153
238
115
187
328
38
152
99
59
254
407
191
201
76
45
125
264
146
157
271
121
105
124
109
366
174
229
286
80
225
360
284
293
555
352
160
109
372
185
491
450
251
796
84
309
485
140
299
301
209
345
284
345
225
366
178
338
115
366
65
329
78
161
348
438
641
118
103
207
145
251
163
538
315
235
484
322
319
311
241
96
238
220
211
319
397
207
125
125
122
102
726
184
340
385
232
282
486
88
96
223
196
99
223
296
191
255
331
207
222
117
535
284
278
436
422
158
80
334
74
105
86
378
137
392
99
107
515
90
227
535
179
367
312
332
249
149
363
383
101
524
106
441
130
135
114
170
445
451
509
260
177
222
342
303
97
394
326
219
230
225
128
311
392
113
83
121
265
201
450
303
225
258
113
550
101
56
442
372
145
284
292
117
42
354
358
119
154
187
312
137
296
136
196
354
247
119
217
290
117
430
427
434
251
289
137
236
350
169
114
419
239
444
156
165
105
194
122
386
187
241
59
616
161
151
205
76
267
103
483
127
107
294
297
51
114
384
259
163
228
143
215
153
342
276
101
324
358
171
271
231
339
396
426
171
144
132
159
194
170
289
181
96
268
225
146
221
178
466
216
271
218
254
247
166
130
556
165
320
112
52
145
204
345
455
212
385
391
188
145
132
307
318
221
660
235
447
194
213
304
1000
158
173
373
183
75
252
355
168
159
143
221
87
131
265
459
327
135
229
368
127
164
185
270
81
336
256
131
695
135
232
169
99
222
241
869
348
384
167
61
85
229
98
256
322
107
215
147
320
192
424
324
186
266
111
360
402
244
266
397
59
102
402
482
54
585
129
385
216
43
120
152
64
289
272
323
185
297
305
461
182
230
175
191
175
183
109
151
186
152
441
561
151
123
326
199
255
246
234
131
178
236
136
275
384
130
489
179
355
335
173
639
413
245
134
234
128
219
110
120
296
323
164
70
89
145
85
356
344
508
134
80
176
168
289
310
307
76
137
100
144
204
299
360
98
298
507
188
261
194
119
522
157
159
392
300
146
141
279
207
76
183
286
295
466
281
298
346
327
514
886
86
191
107
175
255
174
502
396
249
298
174
115
230
207
285
216
281
110
413
213
334
128
62
591
398
530
222
1000
405
236
101
331
409
223
250
321
125
326
320
196
133
380
289
272
61
180
620
163
108
348
393
456
190
238
224
186
192
209
184
367
200
158
101
327
161
261
327
298
80
138
328
183
333
267
226
323
475
119
119
160
307
358
445
87
219
262
166
270
280
400
582
129
150
312
282
327
335
424
156
150
428
226
75
179
188
295
141
200
199
139
86
255
295
240
94
78
126
309
407
67
603
255
221
362
179
372
410
290
237
79
270
272
186
162
445
143
369
61
125
187
261
335
129
1000
318
116
340
231
89
196
338
171
242
289
98
309
126
200
97
410
135
63
76
170
182
219
394
189
619
156
165
492
295
357
257
302
181
138
188
104
158
333
323
240
155
51
182
295
308
111
470
209
288
468
244
391
97
386
501
367
141
135
304
480
177
244
96
189
387
275
293
255
533
143
89
396
207
414
200
244
425
123
188
375
236
404
443
361
224
143
209
475
85
222
490
61
178
306
248
195
472
482
282
565
82
249
170
263
356
277
237
69
334
83
262
221
96
183
188
114
155
63
217
192
88
192
189
231
462
114
315
69
563
275
323
186
150
371
86
233
1000
105
144
458
212
358
183
314
433
224
269
234
82
129
251
426
480
267
407
382
287
469
180
89
248
258
411
204
343
121
225
194
300
94
107
295
83
123
196
114
120
372
124
253
312
356
452
225
331
367
159
105
402
85
195
53
172
280
93
84
194
454
146
221
107
164
183
80
65
82
273
495
348
340
64
116
149
246
245
97
238
154
183
269
471
206
369
118
250
194
413
165
1000
563
293
140
141
334
253
290
332
490
61
116
192
168
632
619
576
312
218
342
136
149
1000
165
110
127
277
321
413
305
166
249
308
566
107
239
347
142
803
680
141
171
188
319
218
168
365
367
465
296
244
108
132
186
642
378
190
423
465
155
107
61
622
129
232
332
235
135
367
376
343
175
106
203
314
221
184
58
178
469
157
623
306
403
140
556
172
293
130
369
271
495
351
324
217
247
287
675
132
114
185
245
426
729
385
665
319
146
205
518
227
81
447
387
282
100
182
229
208
225
127
340
77
194
479
141
393
253
1000
245
256
43
657
301
283
79
585
495
147
195
220
170
305
98
261
232
68
437
164
131
134
334
87
87
112
524
78
286
247
180
148
250
200
103
221
114
143
202
257
298
261
175
299
338
52
160
228
308
191
159
199
127
230
329
366
212
171
265
315
220
556
107
563
101
386
257
37
353
195
371
189
253
154
150
253
189
248
176
216
82
271
145
263
327
354
168
341
245
88
176
167
434
146
462
266
194
175
235
350
308
196
188
525
191
590
196
187
260
305
344
401
449
323
695
87
134
274
212
280
182
474
171
139
259
307
125
312
72
191
112
139
323
122
91
289
509
146
163
107
402
117
323
403
213
192
181
145
392
134
156
405
129
103
1000
240
237
318
73
116
169
179
188
284
224
171
327
677
373
391
179
178
344
539
117
245
254
444
224
122
270
159
223
75
356
210
459
97
453
594
208
212
228
310
88
197
300
282
288
137
462
87
108
326
204
345
307
100
132
71
272
367
357
173
319
773
485
286
213
387
38
174
307
153
346
148
172
110
202
456
184
43
146
187
180
60
107
500
191
257
295
369
188
290
468
74
180
487
73
298
162
161
109
225
114
198
185
276
375
354
322
76
289
345
300
276
256
84
73
173
51
129
82
184
233
191
178
205
261
101
207
643
117
353
148
170
424
200
98
342
323
161
133
217
69
247
382
198
192
461
216
276
325
185
89
443
131
229
126
404
320
569
242
337
273
233
323
231
256
642
79
190
303
497
201
96
667
484
326
345
183
209
292
156
247
288
409
176
478
305
140
207
308
273
677
493
198
166
114
269
161
577
261
226
252
234
273
390
170
325
230
434
428
114
351
88
161
300
295
114
106
194
594
213
312
365
201
239
213
154
97
157
434
112
311
110
226
217
660
210
103
150
395
265
100
245
164
733
77
672
200
522
199
552
296
353
287
230
432
148
272
260
151
560
386
91
225
146
151
208
95
166
109
635
217
212
157
446
171
74
228
254
490
175
368
119
113
220
200
227
247
143
208
240
133
264
247
562
243
489
72
202
116
386
198
209
429
135
404
208
527
325
391
142
449
263
277
260
243
321
255
474
440
244
392
156
209
151
119
119
281
144
293
171
144
155
226
179
93
613
133
301
252
247
324
244
475
119
501
1000
361
293
53
652
98
227
398
116
321
555
240
166
183
155
85
542
124
475
227
182
110
221
183
171
121
450
261
147
263
140
91
119
323
50
340
241
169
139
210
121
397
253
378
344
94
374
321
267
160
182
300
176
165
255
243
293
223
44
211
388
208
704
340
482
284
182
266
230
339
545
229
235
140
148
76
78
200
220
297
273
213
710
290
236
163
290
182
172
249
459
404
166
391
199
101
486
129
188
254
112
84
229
325
339
261
206
309
138
268
175
215
242
899
340
406
154
92
137
232
256
227
242
206
184
105
84
157
411
271
535
86
225
362
128
131
397
161
343
80
42
357
114
106
362
149
337
279
69
209
108
213
117
159
190
72
116
410
350
318
127
329
162
186
130
179
361
142
487
203
165
327
62
365
290
277
120
76
189
125
284
77
258
138
138
361
68
119
183
167
464
185
162
385
268
275
180
292
135
192
150
293
151
77
246
507
567
478
200
139
319
278
240
103
135
382
593
265
188
207
172
192
266
163
43
418
280
173
303
334
439
252
133
242
545
237
190
306
593
161
316
159
278
453
277
105
226
124
167
286
204
202
210
448
96
145
572
329
207
436
796
224
144
402
266
277
351
525
548
65
98
332
189
250
191
208
178
201
352
180
252
359
176
156
127
223
290
174
405
154
260
1000
295
240
291
129
53
257
210
240
219
136
483
90
211
92
336
141
251
227
160
101
297
56
94
122
250
118
359
120
227
355
563
392
415
414
537
469
110
239
166
136
224
169
123
212
555
236
456
191
212
388
99
435
504
316
147
301
254
516
356
457
266
919
234
67
146
251
355
177
284
299
170
65
162
225
326
314
86
307
158
140
261
151
93
493
801
204
141
114
192
224
142
340
428
137
176
247
202
263
156
220
189
197
291
108
115
190
264
110
135
406
218
143
170
114
207
186
317
314
170
368
101
527
240
400
180
259
244
218
149
110
62
84
139
126
337
445
185
178
163
519
342
188
85
213
418
193
114
157
246
288
252
144
146
106
148
50
142
382
155
366
396
185
265
209
207
83
393
227
367
334
136
317
291
150
81
104
167
179
261
197
384
149
108
575
452
221
251
357
941
121
561
376
284
417
858
215
118
252
319
279
276
226
520
451
201
296
318
121
333
408
425
216
482
186
532
296
527
160
459
306
533
367
122
187
602
70
183
173
277
222
397
111
1000
216
151
327
93
375
168
124
278
461
217
97
203
372
129
140
61
544
462
123
133
218
443
571
338
278
224
113
220
146
565
113
331
558
608
81
504
396
249
82
258
294
99
246
203
304
436
220
68
134
101
124
297
132
290
688
255
206
349
196
324
76
92
380
80
94
430
186
80
297
93
486
343
269
191
65
347
470
542
313
202
184
82
654
391
274
440
210
205
385
269
498
393
98
123
118
303
100
91
323
118
88
145
251
96
468
242
238
246
126
325
119
131
416
98
148
220
291
205
187
523
227
130
97
120
397
374
502
228
308
749
188
312
329
164
257
87
172
109
176
263
99
389
174
245
471
225
106
279
242
193
320
163
238
56
115
342
190
367
320
182
109
517
244
282
183
107
384
231
373
260
174
76
121
142
171
285
189
231
329
102
168
275
155
91
230
69
244
490
502
218
61
234
418
190
414
136
338
98
236
418
530
312
193
535
269
111
259
208
259
195
154
63
230
103
145
250
230
172
332
170
118
188
193
191
242
94
350
616
487
202
318
271
256
560
59
158
126
171
272
161
423
264
1000
65
298
219
166
303
376
100
335
278
203
72
228
137
242
307
354
406
146
83
197
477
129
315
322
211
165
232
165
207
219
112
304
111
264
413
150
88
231
1000
128
234
465
295
362
126
375
484
657
181
227
305
146
331
217
208
226
270
184
428
446
306
214
72
179
83
399
200
433
90
510
101
96
258
206
150
211
343
348
254
492
164
163
366
245
167
224
675
79
189
411
284
251
504
72
118
178
174
249
169
245
221
325
131
231
611
190
230
462
118
203
260
88
403
151
74
647
599
277
203
290
208
226
127
203
305
166
584
253
155
194
125
252
174
416
116
663
213
86
144
296
289
69
139
511
499
108
254
278
296
190
635
149
127
514
109
343
299
388
221
136
67
182
200
323
299
43
54
419
146
179
429
233
260
44
435
132
576
234
88
549
570
278
59
39
274
412
365
191
70
282
461
84
564
181
182
69
61
456
421
338
405
210
112
278
455
305
196
519
157
287
262
227
191
248
161
50
265
188
179
173
166
498
202
118
438
134
220
147
207
327
180
296
62
262
164
124
173
203
189
139
191
267
92
369
283
442
279
114
195
360
110
373
197
209
402
78
178
146
182
416
358
488
250
92
141
240
62
261
217
495
139
297
306
350
259
269
344
320
230
293
76
118
269
208
652
200
480
595
249
466
388
42
186
351
139
275
321
78
350
137
229
412
77
309
145
85
362
298
1000
51
398
464
504
81
405
453
419
384
171
154
125
232
206
218
239
337
773
280
406
422
262
254
346
260
233
330
140
156
88
116
272
202
86
155
225
71
290
236
177
51
185
262
365
101
405
230
527
100
383
274
346
431
200
364
266
212
168
307
627
165
378
205
252
295
529
184
216
282
321
145
274
246
239
263
84
94
227
236
546
785
416
356
272
300
180
517
165
180
322
365
237
38
116
301
222
144
270
210
268
117
179
229
192
700
93
147
65
634
224
173
221
236
51
133
118
295
204
342
173
120
202
223
167
81
259
403
176
212
353
508
440
324
130
585
207
266
259
297
69
617
231
194
152
293
82
467
38
191
89
214
145
195
77
159
62
371
173
390
133
188
198
475
376
328
192
89
198
363
218
474
112
171
378
326
289
314
186
266
550
221
81
153
51
409
661
341
402
223
204
181
142
203
182
349
324
118
471
423
304
470
329
120
147
305
287
194
192
128
171
197
269
144
386
113
750
239
362
208
174
87
288
391
440
150
419
570
155
209
383
244
211
337
312
203
134
306
719
249
170
144
507
262
392
234
350
327
186
198
158
193
228
287
327
158
292
92
242
221
139
189
481
164
233
205
91
542
322
309
327
225
207
208
82
270
86
285
127
299
136
215
153
136
227
244
200
173
475
356
204
224
580
108
140
381
41
77
224
194
246
479
458
148
206
119
266
171
217
201
287
101
227
67
338
74
258
324
541
434
253
117
92
516
164
315
351
266
189
100
117
296
212
95
261
204
775
568
197
338
155
340
291
200
306
176
153
363
228
453
125
359
355
539
85
114
136
444
203
338
393
409
337
143
245
132
196
750
532
195
383
110
122
64
92
172
156
267
101
270
212
169
192
106
254
117
174
451
158
283
352
299
251
220
169
84
108
130
191
166
262
399
297
207
78
148
326
296
325
329
113
179
242
224
453
86
347
562
299
142
427
230
110
355
271
431
588
343
74
376
176
197
248
501
314
107
442
303
249
265
104
208
229
183
73
65
413
219
576
185
246
51
332
206
184
246
337
117
262
378
84
972
458
321
352
78
396
242
257
129
263
101
144
185
154
261
152
918
88
187
518
169
333
104
433
196
196
166
227
131
183
66
59
265
388
217
156
367
228
199
395
145
140
326
208
195
527
254
192
122
361
160
472
160
198
176
287
169
143
507
243
241
230
546
179
515
162
323
881
145
295
158
240
358
179
174
417
60
241
82
212
267
325
528
231
201
259
80
271
66
225
93
366
499
252
313
86
345
346
299
270
325
302
281
231
193
227
207
203
497
94
205
257
123
204
263
360
281
320
345
124
278
610
192
204
564
244
143
385
78
283
87
242
509
237
271
213
239
265
332
123
98
118
152
364
132
175
207
241
105
582
202
94
103
216
161
271
142
173
174
115
235
477
411
409
72
128
136
245
78
178
228
374
87
327
83
127
60
140
152
161
216
245
156
165
1000
383
134
300
147
193
226
383
279
329
258
567
133
282
250
254
259
226
176
240
405
161
176
239
324
142
251
233
486
347
345
624
275
467
293
215
114
166
488
197
158
214
287
157
241
396
176
235
486
151
371
298
176
534
227
266
133
592
195
147
361
204
163
118
214
563
105
76
103
282
315
154
410
349
85
282
244
563
326
93
107
125
497
235
362
718
297
623
144
237
145
174
82
520
329
210
155
350
194
336
53
159
299
249
184
96
197
375
176
151
57
190
167
329
402
458
189
199
443
238
611
163
50
752
168
243
518
85
251
326
65
609
241
269
413
380
115
300
217
252
203
534
150
185
278
211
221
345
239
221
120
654
163
117
210
220
264
226
151
117
55
180
178
103
496
305
397
285
368
391
163
536
144
240
367
413
292
242
200
212
184
113
158
143
65
216
169
182
93
588
154
82
116
452
210
707
123
259
168
300
293
90
199
112
713
416
115
262
231
729
108
370
673
101
202
663
342
316
104
204
364
156
291
244
336
253
265
143
822
239
386
149
1000
148
488
91
69
322
143
351
169
119
84
117
140
254
190
217
288
304
241
544
190
270
75
121
698
61
453
67
310
118
110
257
88
182
149
632
90
370
85
364
126
217
207
357
89
460
149
249
73
204
171
290
597
301
82
237
243
216
321
744
224
319
222
163
516
203
393
71
321
193
212
436
303
249
643
160
197
660
114
497
232
369
162
108
160
173
232
159
57
237
174
358
501
236
100
434
172
448
179
462
98
475
417
60
252
51
138
209
69
199
73
124
406
139
453
545
534
213
82
252
253
546
274
123
377
165
345
192
309
274
244
965
135
138
61
87
254
61
217
341
292
250
119
688
193
214
155
413
107
150
143
313
283
267
51
275
217
67
314
84
686
356
174
90
187
108
269
264
531
512
213
207
180
447
381
97
199
139
233
101
469
139
153
150
258
518
734
188
230
138
707
458
193
389
125
191
350
239
186
185
309
317
349
137
129
353
232
364
290
226
205
276
208
203
139
562
123
107
304
78
170
370
79
325
427
416
293
119
185
919
223
86
489
303
256
81
317
185
129
134
1000
61
173
183
309
163
163
107
317
708
140
192
142
492
192
232
202
340
253
94
181
444
849
220
187
87
219
181
261
144
99
224
399
89
160
220
224
219
473
139
155
143
171
167
277
587
111
192
463
95
224
483
283
220
136
493
218
180
257
458
50
472
167
177
200
338
133
286
177
225
259
280
371
300
106
426
317
153
234
145
884
229
407
627
250
274
286
232
466
337
227
208
182
156
156
95
439
295
880
261
206
602
126
371
65
168
201
160
225
274
319
399
130
139
142
170
345
375
412
524
274
285
224
340
251
42
447
50
486
199
271
57
189
238
300
304
69
349
659
175
227
154
149
227
677
581
151
248
93
214
162
305
145
137
303
149
107
325
397
269
107
204
296
151
279
179
97
322
228
370
212
427
480
217
130
156
286
292
101
199
269
112
123
306
465
115
224
104
245
369
36
429
430
74
188
186
237
615
219
176
372
446
229
198
166
88
203
88
225
770
120
245
149
264
104
229
579
37
78
84
198
334
386
82
213
881
513
235
171
150
237
96
361
116
420
363
176
371
80
67
145
138
81
381
54
94
209
148
107
144
221
75
401
99
319
871
378
179
652
165
170
151
103
386
272
194
154
125
164
251
191
70
171
437
87
420
242
172
220
275
206
192
101
434
73
114
324
555
164
372
89
218
139
223
80
221
67
376
66
171
272
333
308
271
76
64
296
569
364
414
751
555
651
103
303
137
379
509
156
470
433
143
198
251
74
226
76
118
65
359
282
235
152
238
203
321
123
144
94
362
305
133
440
216
188
639
217
399
235
82
215
204
176
229
83
137
61
388
162
241
299
242
202
103
188
188
264
144
95
255
43
67
141
444
139
583
597
163
284
262
275
434
68
492
323
412
230
359
120
256
205
446
267
177
299
456
319
307
175
292
221
671
565
372
485
327
124
152
103
196
662
110
192
425
170
367
179
424
120
222
306
184
596
113
411
222
161
426
193
293
262
311
248
101
244
312
74
102
113
273
169
660
405
100
182
347
207
118
328
448
171
318
66
178
410
250
306
355
115
90
732
147
129
192
142
258
98
188
253
257
214
282
98
349
414
91
881
247
125
172
151
207
410
581
186
285
127
238
69
303
255
271
128
94
174
331
363
447
187
180
311
96
90
244
269
493
205
227
305
301
127
62
106
386
135
63
56
81
184
297
324
368
107
232
330
399
352
472
284
182
609
164
50
375
262
78
155
326
289
445
412
136
203
336
335
125
255
436
253
326
293
249
599
98
340
216
185
223
432
242
398
198
187
345
377
137
200
355
123
1000
125
657
442
113
321
61
81
148
151
306
150
98
320
315
779
153
518
216
201
455
189
216
736
252
273
181
309
233
430
517
298
390
302
83
241
349
197
317
181
214
297
90
206
308
221
104
132
272
221
244
118
658
145
354
472
616
198
237
288
183
115
265
176
522
99
322
64
463
176
320
228
73
492
177
267
84
214
146
187
296
619
468
320
131
238
225
97
239
224
233
258
310
453
306
265
127
347
128
219
190
179
66
147
215
147
379
170
315
156
318
475
161
341
205
335
142
321
244
249
481
217
326
311
217
327
147
283
684
52
235
265
121
698
175
306
158
364
366
78
362
341
472
201
59
101
302
110
201
362
313
391
306
100
285
318
178
373
207
269
324
187
672
58
193
405
152
267
156
224
192
90
99
364
243
218
163
200
369
73
153
256
204
190
261
187
171
398
286
268
81
77
373
195
218
297
241
190
433
189
504
139
147
277
309
261
685
620
315
190
321
132
185
138
790
263
374
460
106
85
267
372
527
94
293
268
186
258
325
305
558
207
92
179
322
453
204
248
150
176
119
137
410
276
367
471
425
143
52
357
157
216
312
230
167
82
249
135
324
164
374
65
193
321
319
67
218
197
359
445
260
174
535
229
117
269
344
84
206
242
174
86
242
232
172
118
166
175
250
291
728
470
111
329
350
307
202
354
241
244
243
229
209
388
87
159
153
764
322
554
422
240
269
285
369
438
254
285
51
305
181
222
342
262
80
115
194
528
300
225
454
221
278
134
146
325
261
157
371
200
97
272
120
488
96
196
146
286
146
246
317
203
172
77
204
54
201
149
538
294
183
177
274
201
338
694
350
435
218
115
366
282
219
67
436
42
321
147
309
73
354
188
443
173
301
76
73
597
486
156
143
226
127
175
253
185
492
309
102
205
352
396
540
141
363
77
275
143
225
218
205
292
62
187
105
414
368
99
674
125
59
70
185
272
261
242
216
191
190
205
261
243
306
167
468
457
258
245
465
337
192
254
159
225
182
299
49
156
211
407
106
342
974
123
304
374
176
60
188
392
126
755
320
243
102
327
175
660
373
96
466
398
304
344
46
331
244
237
468
210
357
273
203
66
304
458
189
326
228
245
700
182
344
268
161
74
207
62
288
224
117
147
169
258
334
112
254
1000
291
339
50
470
152
70
404
347
161
445
195
763
321
125
353
141
118
55
445
108
202
347
83
79
312
479
530
199
204
319
208
334
515
64
386
157
136
129
386
221
274
705
433
406
236
162
619
405
175
117
504
345
285
295
242
216
292
215
397
138
125
558
279
309
158
365
315
320
96
623
161
165
230
115
87
175
664
290
245
540
395
168
278
312
704
183
494
318
412
273
331
231
211
180
284
291
342
395
133
289
379
121
183
207
275
136
237
175
226
359
373
331
139
322
275
195
335
342
351
345
173
315
292
258
130
757
123
97
316
234
57
928
75
153
209
323
275
194
237
483
632
254
435
61
416
1000
250
161
137
89
137
294
203
325
85
282
288
227
361
247
341
242
327
359
428
216
257
277
111
327
177
141
194
441
958
134
148
321
563
325
362
472
161
134
417
143
349
266
487
105
387
232
143
137
452
289
288
278
267
185
319
519
102
317
215
88
335
507
146
581
203
559
189
201
155
248
284
309
284
51
335
210
173
99
422
119
302
151
611
157
124
231
104
204
567
261
194
106
359
364
273
260
192
360
302
167
473
178
218
87
121
221
773
377
172
174
304
493
441
104
208
148
454
211
203
496
149
382
330
400
80
454
137
228
190
47
717
222
272
426
426
552
119
284
67
513
243
321
270
297
275
167
449
409
122
105
